[449.38571, 622.94318;
 475.07886, 616.98352;
 432.12729, 626.34021;
 474.39633, 618.64294;
 379.89853, 635.75677;
 359.47272, 639.45551;
 355.2193, 640.26147;
 391.39343, 633.72772;
 331.48434, 644.56354;
 309.44403, 646.92877;
 474.74695, 616.43109;
 436.68204, 625.26349;
 417.91809, 628.93707;
 384.63953, 634.85571;
 460.64673, 621.29535;
 463.42606, 620.74969;
 467.45209, 618.60278;
 281.2453, 652.7558;
 486.23016, 614.36719;
 471.44748, 617.3241;
 468.9809, 617.56915;
 308.0546, 648.78259;
 481.73425, 615.42902;
 479.19836, 615.97363;
 471.34436, 617.27545;
 458.85422, 620.59485;
 474.8306, 616.8902;
 462.8609, 619.7926;
 489.58911, 613.93304;
 332.3129, 643.18658;
 264.06003, 656.23425;
 446.71124, 623.15894;
 286.77271, 652.69141;
 261.75674, 656.91187;
 264.00629, 656.80981;
 280.728, 653.13007;
 386.1962, 634.38757;
 449.71262, 622.7019;
 453.88495, 621.88702;
 445.22226, 623.78619;
 464.87466, 618.21619;
 333.18167, 642.21057;
 437.57312, 625.48706;
 417.62119, 629.25714;
 460.64905, 619.2934;
 455.34811, 622.30231;
 431.04846, 626.35095;
 410.97852, 630.29071;
 384.7821, 635.03625;
 242.68227, 660.59821;
 251.29227, 658.82855;
 319.93637, 644.70532;
 410.96564, 629.9292;
 403.1449, 631.78943;
 421.18454, 628.43176;
 430.34335, 625.99194;
 282.69162, 653.12903;
 268.00848, 655.38654;
 294.82538, 651.25757;
 272.92401, 655.26617;
 416.41977, 628.85022;
 272.36542, 655.05359;
 277.91553, 654.15509;
 446.78244, 623.12756;
 438.77719, 624.35449;
 434.70844, 625.28394;
 424.02716, 627.4093;
 284.9902, 652.97021;
 261.43048, 656.98596;
 397.32364, 632.63196;
 423.52951, 627.85205;
 394.5874, 633.34283;
 354.25284, 640.4104;
 379.59979, 635.92102;
 357.89368, 639.73169;
 409.8555, 630.34308;
 307.52032, 647.25519;
 453.59857, 622.11926;
 445.93344, 624.15027;
 455.65332, 622.19293;
 402.89032, 631.34656;
 460.52621, 621.60736;
 255.78047, 658.08777;
 251.65111, 659.03741;
 268.16959, 655.29803;
 272.75839, 655.23444;
 434.80078, 623.79742;
 475.67038, 617.07239;
 275.74426, 654.37494;
 334.66745, 641.92157;
 468.11267, 618.21643;
 470.70477, 617.59064;
 261.8364, 657.10358;
 314.88504, 646.50275;
 429.61722, 626.49683;
 475.64853, 618.50726;
 444.53519, 624.31696;
 410.85684, 630.33179;
 464.57364, 620.56995;
 439.09799, 624.75336;
 367.2612, 638.18842;
 381.79782, 635.29651;
 343.51727, 642.50903;
 386.96198, 634.73505;
 336.86304, 643.6571;
 352.18768, 640.76825;
 462.58298, 619.49524;
 361.59052, 639.24976;
 335.05341, 643.7558;
 282.8183, 653.34351;
 344.61682, 641.53589;
 322.98227, 645.86475;
 347.86414, 641.06842;
 475.88074, 616.88293;
 353.94452, 640.28595;
 391.9592, 633.02075;
 378.85541, 635.80853;
 358.0394, 639.59564;
 324.66809, 644.88873;
 353.245, 640.18427;
 305.29401, 648.44238;
 375.35928, 634.64801;
 334.43182, 644.21948;
 417.66901, 628.44025;
 399.27808, 632.29022;
 434.13617, 625.47845;
 469.84518, 618.58655;
 430.46286, 626.79968;
 262.53354, 656.73199;
 410.66745, 630.14954;
 437.45514, 625.32355;
 424.21515, 627.68646;
 435.25079, 625.87988;
 425.39304, 627.36664;
 416.71671, 629.03021;
 478.16702, 616.69592;
 333.83374, 644.08374;
 354.38013, 640.51367;
 470.69049, 619.46094;
 392.29639, 633.59387;
 468.7197, 617.9693;
 465.09262, 618.96637;
 416.8486, 628.76624;
 444.23599, 622.13385;
 475.00119, 616.37323;
 478.6683, 615.72546;
 283.52667, 653.07434;
 458.3909, 619.63574;
 354.90787, 640.29834;
 315.3526, 646.45947;
 308.63116, 648.44537;
 404.13388, 631.13763;
 490.7179, 613.67938;
 446.89075, 621.83026;
 385.33041, 634.84552;
 289.34003, 651.4621;
 250.2737, 658.98938;
 269.24432, 655.15289;
 273.68442, 654.30884;
 289.29523, 651.09241;
 255.27461, 658.02576;
 300.94589, 649.97949;
 450.25403, 622.89587;
 459.81308, 620.66425;
 308.34418, 646.95886;
 288.18973, 652.38489;
 272.11032, 655.35156;
 324.23499, 645.77551;
 250.53108, 659.23853;
 305.55331, 648.67737;
 281.46646, 653.10864;
 279.98911, 653.69751;
 295.08328, 650.46387;
 435.57422, 624.966;
 451.28018, 621.35065;
 378.95767, 635.98737;
 307.4104, 648.46735;
 328.65793, 644.64545;
 282.90836, 653.07556;
 358.35904, 639.66241;
 303.96713, 648.05609;
 365.44327, 638.4386;
 293.8075, 651.38953;
 331.30664, 644.2052;
 280.35382, 653.79358;
 332.79218, 643.40393;
 372.46744, 637.052;
 381.61548, 635.52069;
 281.09875, 653.77118;
 464.74197, 618.47839;
 265.22852, 656.24866;
 245.67393, 660.02679;
 274.50607, 654.33844;
 265.27673, 656.11084;
 474.42801, 617.11481;
 459.30072, 620.0528;
 467.61813, 618.19098;
 439.9231, 623.97028;
 456.76099, 620.71252;
 462.51044, 620.02087;
 435.32397, 624.07397;
 262.82632, 656.96674;
 373.62753, 636.77698;
 286.32709, 652.43298;
 344.25488, 642.08484;
 348.85599, 641.46204;
 317.27631, 645.4046;
 441.65604, 623.22937;
 281.78522, 652.52496;
 439.69104, 624.17413;
 457.63922, 619.61493;
 310.84732, 648.23199;
 427.69254, 626.20135;
 297.02039, 650.98163;
 300.77728, 650.41772;
 294.76382, 650.2381;
 267.7811, 655.43976;
 398.30057, 632.27631;
 443.17615, 623.17419;
 453.24805, 620.53973;
 327.02884, 645.17639;
 398.91263, 630.88947;
 390.92661, 631.90643;
 353.67419, 640.54285;
 416.92761, 628.62286;
 392.38434, 633.09106;
 439.26001, 623.20129;
 424.48132, 626.00629;
 338.49707, 643.10376;
 422.32205, 627.43036;
 338.31516, 642.47223;
 276.70914, 654.06506;
 266.10428, 656.18665;
 426.26929, 626.07623;
 416.83426, 627.04816;
 428.64801, 625.23431;
 360.79257, 638.98273;
 306.63504, 649.01709;
 329.49036, 644.87903;
 384.76007, 634.68378;
 288.12878, 652.31018;
 368.01184, 637.7489;
 410.22327, 630.07306;
 481.17419, 615.59424;
 454.98492, 620.17755;
 477.69482, 615.99109;
 476.4184, 616.73999;
 404.4653, 631.37341;
 422.7955, 627.80829;
 441.37903, 624.17706;
 390.25781, 634.00012;
 484.43832, 615.16571;
 461.18018, 620.28076;
 397.57397, 632.35449;
 279.84821, 653.00079;
 463.36255, 619.55194;
 448.14993, 623.21899;
 474.23999, 617.02032;
 466.4696, 618.81323;
 308.29086, 648.45343;
 460.74426, 620.39124;
 450.43552, 621.93646;
 300.29138, 649.34821;
 282.06598, 652.78516;
 476.48563, 616.09052;
 483.48495, 615.38904;
 473.79697, 618.08362;
 436.8251, 623.26526;
 453.05151, 621.64777;
 471.5094, 617.76166;
 303.58566, 648.14471;
 457.96725, 619.42456;
 275.27521, 654.29865;
 471.24573, 617.51184;
 321.26291, 644.47589;
 290.10257, 651.08606;
 468.9505, 618.74432;
 447.0238, 621.57745;
 452.8259, 621.83881;
 452.48395, 622.48425;
 477.74069, 616.75073;
 301.27185, 650.00848;
 445.92908, 621.66254;
 432.2688, 626.33966;
 405.75839, 631.17615;
 409.92749, 630.40186;
 435.97275, 625.65503;
 467.7084, 618.77478;
 463.44424, 619.34985;
 455.38904, 621.22778;
 437.1752, 625.18646;
 429.35046, 626.64545;
 438.5748, 624.4834;
 446.25629, 623.25909;
 443.06528, 624.09882;
 460.60187, 620.7663;
 433.86472, 625.48352;
 330.85504, 644.89026;
 445.38678, 624.20886;
 356.63126, 640.32922;
 366.58975, 638.28687;
 461.67593, 619.50677;
 298.01099, 650.25623;
 258.1636, 657.90106;
 281.28424, 653.79089;
 235.15901, 662.11328;
 248.2921, 659.44714;
 366.52502, 638.24634;
 365.9577, 638.61151;
 276.50116, 654.72119;
 476.52823, 616.68152;
 456.29135, 620.38501;
 481.5036, 615.4798;
 461.85901, 619.53552;
 508.86185, 610.31921;
 457.06067, 620.29077;
 468.0621, 617.58972;
 388.08359, 632.16107;
 448.89908, 623.00574;
 496.48044, 612.38361;
 478.99963, 616.04565;
 485.73914, 614.47845;
 500.69501, 611.72174;
 440.43292, 624.08252;
 422.81854, 627.50879;
 428.65182, 626.69403;
 446.89087, 623.14069;
 442.16125, 624.03375;
 436.30392, 624.85645;
 371.00076, 635.28345;
 416.00198, 629.30798;
 430.74179, 626.64478;
 240.16161, 661.07056;
 433.50479, 626.07281;
 419.77789, 628.13696;
 350.42706, 641.13611;
 406.00934, 631.05701;
 441.11093, 622.52747;
 403.76511, 629.41516;
 419.86612, 628.37317;
 277.13724, 653.91846;
 296.35306, 649.49048;
 283.58533, 652.17926;
 264.45648, 656.01379;
 434.61346, 625.20593;
 423.04462, 625.94153;
 422.59158, 628.32294;
 450.11603, 623.28204;
 498.08609, 612.21576;
 450.45865, 622.96002;
 353.91443, 640.63489;
 436.15704, 625.80103;
 383.14566, 635.35065;
 462.03049, 620.5578;
 453.28107, 621.63977;
 428.88477, 626.8562;
 460.63083, 620.61072;
 250.02945, 659.40955;
 280.21616, 653.25641;
 347.41046, 639.62885;
 381.94724, 633.39581;
 391.52521, 633.87854;
 285.56192, 651.73956;
 399.31729, 630.37903;
 328.09851, 643.46582;
 473.4361, 616.75623;
 299.22903, 649.37683;
 453.52744, 622.45367;
 434.94717, 625.48785;
 441.9631, 624.49982;
 314.87329, 646.18945;
 473.45068, 617.26593;
 461.71521, 620.39514;
 383.638, 633.35242;
 268.13821, 655.91815;
 289.36768, 652.27252;
 314.117, 647.82446;
 439.86319, 624.367;
 466.06873, 618.39337;
 465.73584, 619.05823;
 443.72385, 622.95721;
 311.25635, 646.44116;
 422.89935, 625.99304;
 471.43784, 617.14783;
 484.86234, 614.66376;
 488.17841, 614.36151;
 490.03973, 613.90918;
 489.38965, 614.13306;
 467.92233, 617.98895;
 477.49295, 616.52527;
 482.85095, 615.21191;
 467.58823, 618.14966;
 504.11923, 611.00769;
 511.22437, 609.82776;
 334.19077, 642.33655;
 341.67413, 640.66333;
 330.38364, 642.87579;
 333.36401, 642.18091;
 300.89542, 648.40356;
 232.26372, 662.66406;
 357.01624, 637.9007;
 501.5098, 611.60529;
 461.6351, 618.85443;
 481.77985, 615.18414;
 466.17529, 618.00012;
 503.25964, 611.18042;
 324.72888, 643.88031;
 333.96704, 642.09155;
 494.3223, 612.9176;
 473.66171, 616.65973;
 483.01767, 615.09521;
 369.75989, 635.6076;
 346.35107, 639.79187;
 328.83893, 642.98737;
 317.24677, 645.59442;
 481.6846, 615.89746;
 470.42551, 618.3941;
 460.2565, 620.69989;
 242.44035, 660.69153;
 445.97244, 623.5495;
 451.28876, 622.79785;
 439.36884, 625.20276;
 451.03287, 622.79541;
 424.68652, 627.65662;
 451.90872, 620.62451;
 436.73718, 625.42548;
 448.72134, 623.31494;
 448.34589, 621.40131;
 290.44247, 651.55908;
 318.97534, 645.10382;
 304.84885, 647.992;
 442.48547, 622.35272;
 457.7113, 620.28296;
 474.05551, 617.13562;
 399.77856, 632.08832;
 449.26382, 622.63617;
 250.64276, 659.28784;
 433.80048, 624.24774;
 463.55441, 618.51886;
 423.7865, 625.76331;
 307.17816, 647.22595;
 268.02106, 655.66193;
 251.53613, 658.85278;
 287.1084, 651.54761;
 272.7854, 654.54376;
 415.84732, 629.26447;
 298.82153, 649.22302;
 261.65704, 656.96411;
 283.07794, 652.47961;
 290.17572, 651.17493;
 313.88516, 647.28754;
 426.8699, 625.34058;
 264.07208, 656.13184;
 438.46484, 624.63684;
 434.91309, 626.05127;
 465.47375, 618.50305;
 418.34756, 627.98608;
 381.23022, 633.6333;
 350.91592, 641.16669;
 281.64749, 653.15997;
 329.00037, 645.30267;
 457.03583, 620.0235;
 423.64398, 627.83929;
 411.91623, 629.90784;
 298.78592, 649.24811;
 403.60352, 629.4256;
 281.29565, 652.99622;
 260.63397, 657.15283;
 444.65677, 623.72656;
 428.06412, 626.95673;
 447.89566, 623.22089;
 450.34012, 622.45477;
 300.69028, 649.10486;
 290.26978, 651.01282;
 327.11545, 643.58209;
 275.41394, 654.1344;
 271.31567, 655.56738;
 312.32193, 646.45752;
 291.45218, 650.9939;
 335.23914, 642.12469;
 304.02701, 648.25641;
 253.29646, 658.69531;
 281.80493, 652.539;
 300.26309, 649.18134;
 314.12634, 646.28265;
 275.2681, 654.51385;
 306.19016, 647.76196;
 274.27817, 655.28162;
 265.37262, 655.83832;
 320.83923, 644.80951;
 355.47955, 638.15265;
 368.20911, 635.91046;
 326.21924, 643.73926;
 247.64841, 659.68512;
 267.85858, 656.0553;
 254.42615, 658.59967;
 311.8501, 648.13818;
 333.07516, 644.64911;
 258.91446, 657.62518;
 374.11359, 636.85376;
 344.73602, 642.29016;
 385.46213, 634.87524;
 264.98447, 656.39209;
 286.69864, 652.43024;
 358.20322, 639.82538;
 453.88855, 622.28003;
 421.86615, 628.36285;
 394.1095, 633.41577;
 455.64621, 622.44269;
 488.97281, 614.18402;
 271.61575, 654.72681;
 298.62451, 650.69324;
 341.31055, 642.52234;
 276.6427, 654.65698;
 294.72073, 650.75049;
 457.70148, 621.31067;
 324.71881, 645.8056;
 349.93011, 641.16272;
 468.50198, 619.40302;
 479.94516, 616.27539;
 465.62415, 620.6496;
 461.56375, 620.56409;
 452.95425, 622.58875;
 481.41782, 615.95306;
 473.36606, 617.79706;
 480.87521, 615.59479;
 466.60458, 619.25714;
 455.79379, 621.75677;
 484.15656, 615.22479;
 491.25952, 613.5849;
 466.09512, 618.38855;
 429.70105, 626.70319;
 386.67691, 634.6745;
 403.16684, 631.74524;
 421.49594, 628.39136;
 441.05194, 622.65863;
 394.55127, 633.28168;
 474.35834, 618.99072;
 454.75644, 621.61481;
 360.38571, 639.44482;
 428.87, 627.1441;
 377.05103, 636.71094;
 467.72513, 618.49579;
 400.91525, 630.01068;
 462.09351, 618.82709;
 462.58902, 619.3429;
 420.43365, 626.41565;
 393.70883, 632.29785;
 370.80771, 636.72278;
 337.05826, 643.60089;
 345.98553, 641.76434;
 463.8587, 619.96991;
 458.28036, 620.77972;
 456.14008, 621.14294;
 448.94049, 622.93591;
 313.74268, 647.86011;
 398.03723, 632.18506;
 398.01868, 632.54272;
 373.04034, 637.09015;
 370.52792, 637.15015;
 349.42642, 641.34363;
 350.63779, 640.78729;
 331.4563, 644.48224;
 426.95694, 627.26483;
 436.20187, 625.72302;
 458.57266, 620.55377;
 426.41388, 625.53125;
 302.65308, 649.60406;
 446.21088, 623.45282;
 406.98727, 631.08112;
 368.60413, 638.04553;
 440.08057, 624.88342;
 452.27325, 622.72302;
 245.60782, 660.20679;
 351.56897, 641.16968;
 356.83066, 640.08258;
 381.76193, 635.65582;
 309.60147, 648.55011;
 287.78052, 652.45221;
 269.34622, 655.69745;
 295.84869, 651.08099;
 274.13489, 654.98657;
 377.67618, 636.30048;
 252.32739, 658.59271;
 252.97601, 658.77679;
 284.10583, 653.27069;
 248.96556, 659.62842;
 234.43143, 662.16577;
 372.22498, 637.02576;
 259.87726, 657.56561;
 485.13095, 614.72845;
 269.04416, 655.51392;
 463.35562, 620.14606;
 433.44159, 625.75684;
 264.72327, 656.57495;
 303.05978, 649.74518;
 281.11835, 653.54694;
 326.22293, 645.42493;
 320.47302, 646.64282;
 268.85574, 656.04041;
 290.87241, 652.07227;
 314.19458, 647.86035;
 473.29391, 617.81738;
 434.61853, 626.10791;
 395.97678, 632.78394;
 245.79495, 660.02612;
 266.6156, 655.87158;
 265.43164, 656.04059;
 427.06476, 627.18127;
 474.4942, 617.95996;
 451.96014, 622.15002;
 258.10672, 657.68115;
 463.60483, 620.08911;
 444.75943, 623.19427;
 483.29266, 615.91364;
 488.68091, 614.25177;
 491.48224, 613.99792;
 277.45615, 653.55078;
 481.28732, 615.97772;
 462.93835, 619.08539;
 323.05246, 644.32947;
 269.64969, 655.50684;
 338.00836, 641.39807;
 239.92482, 661.25165;
 474.51761, 617.01147;
 478.11935, 616.16339;
 497.56708, 612.50726;
 401.37775, 631.79559;
 457.05734, 620.97467;
 426.6709, 626.72229;
 482.1962, 615.23932;
 312.35919, 647.79071;
 420.51147, 628.66565;
 393.00629, 633.60364;
 315.33548, 645.69519;
 490.32062, 613.97711;
 283.62741, 652.35858;
 296.28445, 649.98938;
 495.43353, 612.81689;
 471.55466, 617.16254;
 318.44058, 645.1554;
 451.86761, 621.18378;
 332.68732, 644.32745;
 334.01349, 644.21869;
 393.99069, 633.36505;
 420.94601, 626.21881;
 314.58084, 645.9823;
 289.10675, 651.12427;
 304.98764, 647.90552;
 311.25366, 648.34473;
 456.70645, 620.05676;
 420.92175, 628.0116;
 439.10324, 624.4881;
 466.05743, 618.9223;
 307.20923, 648.70648;
 280.13422, 653.41956;
 334.91769, 641.99438;
 358.02811, 639.5946;
 470.2045, 617.64264;
 314.04831, 645.95465;
 454.87173, 622.23944;
 484.49106, 614.78003;
 477.76675, 616.4342;
 495.19739, 612.77295;
 415.32941, 629.02783;
 358.55179, 639.82953;
 422.97058, 627.98175;
 406.94952, 630.81219;
 459.06339, 620.68372;
 438.14337, 625.5116;
 460.59442, 619.13062;
 413.86212, 629.5564;
 420.92313, 628.63928;
 482.35571, 615.76123;
 475.25342, 617.50385;
 241.02045, 661.06708;
 358.85748, 639.45923;
 349.95496, 641.34778;
 353.44339, 640.63953;
 380.47592, 633.698;
 283.37082, 652.57385;
 449.0798, 622.24725;
 432.54791, 625.44263;
 442.68048, 623.17523;
 300.46777, 649.71924;
 281.67871, 653.37225;
 343.40088, 642.51636;
 323.7951, 645.71558;
 250.42436, 659.24548;
 331.95483, 644.77588;
 370.93942, 637.76526;
 338.69708, 643.38202;
 362.2923, 639.12122;
 275.73581, 654.04529;
 467.40482, 618.11017;
 467.72635, 618.72687;
 347.63193, 639.52472;
 458.88547, 620.03046;
 408.19565, 630.28967;
 376.46179, 636.27649;
 280.96692, 653.79865;
 375.21259, 636.81305;
 384.34467, 635.28943;
 387.22644, 634.65601;
 396.74625, 633.11011;
 441.81464, 624.23737;
 411.47809, 630.203;
 449.11667, 621.39386;
 405.58929, 631.03839;
 473.73126, 617.83435;
 438.83582, 624.57867;
 470.49457, 617.86298;
 378.88666, 635.77747;
 383.26736, 635.1084;
 465.54465, 620.11578;
 449.03867, 623.07495;
 461.54282, 620.57471;
 450.81415, 622.94757;
 442.23694, 623.85229;
 323.43851, 645.9895;
 271.02878, 655.5307;
 289.91068, 651.66327;
 451.01627, 622.31268;
 453.83865, 622.80914;
 453.65408, 621.75342;
 482.15012, 615.71313;
 474.79373, 616.86487;
 494.70609, 612.91156;
 235.16205, 662.12274;
 235.09348, 662.13934;
 235.07639, 662.14935;
 445.63998, 623.88049;
 435.1506, 626.04193;
 266.68356, 656.41394;
 235.01288, 662.15533;
 234.90439, 662.18707;
 488.04126, 614.46149;
 454.03546, 622.83246;
 465.11578, 619.73651;
 313.12982, 646.28448;
 473.63647, 618.14398;
 284.11246, 652.28271;
 253.01447, 658.93134;
 454.79434, 621.59308;
 477.1326, 616.52356;
 453.69449, 620.41235;
 235.16011, 662.14075;
 451.56238, 623.00085;
 478.24634, 616.19;
 471.17236, 617.27893;
 482.96997, 615.96368;
 490.82498, 614.13147;
 496.58817, 612.7843;
 502.97971, 611.43225;
 495.7153, 613.0733;
 473.74921, 617.65015;
 274.88715, 654.16193;
 464.2868, 620.27325;
 235.34167, 662.11249;
 309.4563, 648.65936;
 438.55173, 625.24524;
 364.54065, 638.82141;
 464.51291, 620.7384;
 440.88885, 624.99152;
 332.55771, 644.72797;
 234.93892, 662.18896;
 394.18887, 633.42493;
 235.45047, 662.11102;
 356.43814, 637.93829;
 356.24448, 637.97467;
 434.961, 625.72729;
 235.22157, 662.16016;
 445.37985, 623.85962;
 502.81665, 611.34302;
 465.82449, 618.93817;
 283.90469, 652.33472;
 433.75748, 626.33838;
 399.39664, 632.35181;
 235.12296, 662.17749;
 313.33179, 646.2287;
 480.02405, 617.74506;
 472.62885, 618.05121;
 478.18982, 616.159;
 506.80084, 610.70746;
 441.79224, 624.26575;
 425.44092, 627.61371;
 432.40765, 626.53119;
 298.95444, 649.22028;
 276.24518, 654.74951;
 473.94656, 617.15485;
 430.33359, 626.41687;
 423.16455, 628.42303;
 439.59857, 623.03333;
 268.92807, 655.92065;
 470.90277, 617.28265;
 456.5899, 621.11804;
 455.48569, 622.19714;
 408.18475, 630.92548;
 402.79544, 631.9375;
 251.85085, 658.79773;
 253.35297, 658.79083;
 356.26028, 637.96851;
 452.89725, 621.70648;
 480.81546, 616.11414;
 483.48679, 615.04724;
 259.99832, 657.59155;
 483.00815, 615.65985;
 383.22296, 635.31995;
 356.40677, 637.94012;
 462.60034, 620.35114;
 472.46402, 618.05371;
 445.93445, 623.57361;
 474.02429, 617.72614;
 438.25729, 624.75433;
 464.38107, 620.0755;
 450.52985, 622.57941;
 422.19952, 628.14417;
 449.08905, 622.29187;
 433.51471, 625.849;
 460.41925, 620.31335;
 266.68713, 655.92291;
 234.81639, 662.14386;
 359.65198, 639.70837;
 465.3414, 619.13293;
 472.71246, 616.89349;
 453.5437, 621.32208;
 420.18185, 628.2467;
 357.1322, 640.13501;
 385.82956, 634.93488;
 371.57645, 637.3056;
 414.26007, 629.52075;
 388.50989, 634.22412;
 469.26001, 618.25305;
 431.01251, 625.85638;
 461.4082, 619.14795;
 250.27034, 659.31964;
 310.72659, 648.53204;
 426.1843, 627.31018;
 420.7561, 628.59998;
 297.9675, 650.99127;
 304.19141, 649.90106;
 413.18155, 629.94208;
 460.50122, 621.0119;
 441.89313, 624.18359;
 439.87836, 625.14032;
 442.05194, 624.00177;
 423.04669, 627.95398;
 401.07721, 632.25507;
 451.08731, 622.56506;
 431.45996, 626.38092;
 460.47833, 620.36487;
 481.1459, 615.34888;
 427.15274, 627.58069;
 461.87018, 618.76208;
 494.03931, 613.10986;
 235.30684, 662.12909;
 456.20831, 621.40991;
 445.95929, 623.72766;
 454.44299, 621.97241;
 235.41708, 662.10632;
 450.99701, 622.39514;
 235.53157, 662.08673;
 463.23679, 620.16583;
 489.36682, 613.96527;
 435.21533, 625.69647;
 469.09891, 618.79834;
 434.96945, 626.04291;
 368.79156, 638.0033;
 460.12448, 620.48016;
 370.4986, 637.47888;
 466.48328, 619.85205;
 452.97842, 620.54718;
 483.29727, 615.57373;
 468.35919, 618.57361;
 471.43268, 617.10535;
 358.59952, 639.73462;
 405.7778, 631.08063;
 474.05106, 616.77417;
 481.55344, 615.76141;
 310.6749, 648.43341;
 381.54889, 635.55511;
 312.41599, 647.91589;
 481.4975, 615.42474;
 395.79077, 632.89349;
 474.9364, 616.72449;
 428.82889, 625.02356;
 288.59766, 652.33203;
 387.80914, 634.47369;
 297.16827, 650.93158;
 446.85516, 623.7641;
 274.77014, 654.95746;
 446.13223, 623.48224;
 350.483, 641.35889;
 476.50546, 616.93738;
 474.45776, 617.61395;
 362.3139, 639.07892;
 457.00845, 621.50946;
 388.41602, 634.17657;
 474.80469, 617.91437;
 469.02042, 617.87878;
 483.07547, 615.17444;
 476.4772, 616.74835;
 458.84177, 620.09021;
 452.41049, 621.85248;
 442.88602, 623.82056;
 337.70364, 643.53961;
 333.32983, 644.34802;
 421.5274, 628.25116;
 290.28516, 651.81165;
 468.14844, 617.77844;
 438.07443, 625.57513;
 271.64429, 654.7464;
 264.76205, 656.39233;
 268.83557, 655.67419;
 253.97522, 658.33826;
 431.61682, 624.51636;
 473.72888, 617.56567;
 335.12686, 641.96277;
 428.32935, 626.95715;
 420.74631, 628.05231;
 456.30902, 621.17877;
 455.66855, 620.16888;
 463.70828, 618.59778;
 479.03018, 616.68506;
 432.89835, 625.9082;
 470.46649, 618.68512;
 458.11652, 621.17419;
 452.06088, 621.77704;
 266.51584, 656.32245;
 395.53287, 632.65125;
 401.95218, 631.69745;
 329.60025, 644.75098;
 313.27817, 647.64594;
 453.76874, 621.19958;
 346.44098, 641.75543;
 481.43762, 615.59015;
 457.91058, 620.42236;
 254.11394, 658.59814;
 269.05453, 655.47687;
 438.19162, 624.70593;
 431.76123, 625.62811;
 473.31189, 617.28961;
 479.36633, 615.74927;
 463.19415, 618.9444;
 460.47263, 620.24567;
 449.93671, 621.039;
 462.87317, 619.47137;
 441.74225, 624.26978;
 431.36392, 626.46899;
 455.28033, 622.1925;
 494.47934, 613.33142;
 289.09317, 652.35992;
 270.11627, 655.099;
 286.30872, 651.89288;
 260.63126, 657.22668;
 315.56259, 647.48615;
 280.70413, 653.62378;
 285.00385, 653.0694;
 270.48071, 655.35535;
 301.84781, 649.85565;
 307.41678, 649.03546;
 244.70142, 660.27502;
 327.0481, 645.54419;
 340.93134, 642.7301;
 441.39517, 622.47632;
 490.5459, 613.89575;
 496.94012, 612.38092;
 469.99561, 618.04913;
 476.37323, 616.21448;
 466.20453, 618.05927;
 348.80231, 641.07123;
 262.54282, 657.10846;
 347.56735, 641.52118;
 261.03665, 657.21173;
 282.59644, 653.50775;
 278.75827, 653.31763;
 367.0914, 637.75391;
 443.12949, 623.61688;
 483.0556, 615.66943;
 447.03687, 621.9281;
 430.66803, 624.48627;
 477.08035, 616.42499;
 469.04037, 618.664;
 487.55331, 614.17804;
 307.13214, 648.82648;
 327.50363, 645.34058;
 305.00815, 649.3703;
 458.20679, 620.19598;
 420.04565, 628.79279;
 425.58447, 627.17493;
 456.89343, 621.56799;
 477.1803, 616.91309;
 274.26361, 654.45654;
 455.7785, 619.93158;
 448.23114, 621.53125;
 286.11771, 651.98309;
 283.50735, 652.5614;
 411.20593, 628.00763;
 467.4328, 618.66302;
 448.46402, 622.40302;
 451.42966, 621.23114;
 496.33316, 612.57788;
 376.20493, 636.41119;
 284.08459, 652.74097;
 393.63977, 633.54541;
 456.63596, 620.06946;
 465.67172, 619.76398;
 443.04419, 623.79089;
 411.45441, 630.34186;
 281.2962, 653.31866;
 452.77069, 620.64661;
 407.66537, 630.79541;
 335.16553, 643.82843;
 396.93552, 632.17078;
 451.76648, 621.01398;
 358.29666, 639.68311;
 289.01526, 651.2099;
 264.65262, 656.18781;
 445.1149, 622.2027;
 420.86929, 628.03607;
 466.22717, 618.39301;
 413.85727, 629.09186;
 431.72534, 625.62897;
 483.3877, 615.0199;
 470.44055, 617.45306;
 481.41171, 616.05804;
 440.49847, 624.5741;
 474.18265, 617.76892;
 428.92303, 626.97723;
 485.17227, 615.06671;
 425.19824, 625.66302;
 316.12338, 645.74139;
 294.59131, 650.25122;
 339.93149, 641.17743;
 302.40152, 648.49841;
 338.1178, 641.28131;
 361.39026, 637.43646;
 298.97772, 649.14862;
 302.3884, 648.4325;
 318.80386, 645.06909;
 328.80826, 643.25299;
 352.75861, 640.60901;
 301.12518, 649.26379;
 318.67789, 646.71539;
 278.74597, 653.75732;
 296.20438, 650.80957;
 275.35959, 654.50665;
 326.81192, 643.4444;
 346.46283, 641.89386;
 461.49478, 618.9986;
 421.87729, 626.237;
 485.9924, 614.40704;
 331.22629, 642.87805;
 469.60861, 617.76959;
 294.51718, 650.84302;
 316.77618, 646.44476;
 335.09698, 643.6983;
 404.72412, 631.46283;
 428.47186, 627.2359;
 383.96414, 635.3504;
 350.98404, 641.12231;
 403.32834, 631.57495;
 492.14468, 613.45813;
 400.98486, 632.10345;
 357.69302, 640.1001;
 378.07095, 635.83911;
 459.00549, 620.75397;
 321.96918, 644.67188;
 455.40344, 621.18384;
 462.61652, 620.12811;
 288.97592, 652.44409;
 311.03464, 648.44202;
 267.47433, 656.26453;
 333.85776, 644.3656;
 468.08389, 618.66504;
 472.16113, 617.93414;
 378.54834, 636.198;
 377.62335, 636.22583;
 353.62979, 640.52832;
 354.80539, 640.42786;
 418.20911, 628.46497;
 373.99521, 636.72675;
 426.99402, 627.43854;
 397.66852, 632.31177;
 443.05365, 624.7345;
 452.15323, 622.53455;
 427.84799, 625.29266;
 444.81323, 622.14813;
 441.27823, 624.82275;
 453.11389, 622.10681;
 455.60706, 621.74292;
 462.97757, 619.84027;
 444.40332, 624.32178;
 458.45508, 620.49921;
 465.92941, 619.37476;
 415.28391, 627.48212;
 415.79285, 627.19629;
 327.14719, 643.39954;
 372.68973, 635.10266;
 390.76035, 631.81494;
 313.43457, 646.18103;
 297.37018, 650.87933;
 274.45078, 654.93762;
 363.82831, 636.79211;
 343.90735, 640.3623;
 302.37299, 648.69073;
 347.6886, 639.55219;
 328.43262, 644.94604;
 286.47168, 652.75482;
 392.85336, 633.54089;
 370.85019, 637.74347;
 337.95074, 643.59888;
 368.29276, 637.93256;
 313.16632, 648.11407;
 439.5235, 623.56653;
 380.45026, 633.73077;
 352.44104, 640.508;
 308.01154, 647.51935;
 420.85736, 626.6109;
 282.54663, 652.50928;
 324.14578, 645.24121;
 300.1319, 649.1441;
 333.38806, 642.82056;
 296.20004, 650.15399;
 304.90881, 648.22485;
 449.07196, 622.25275;
 452.04993, 622.14355;
 409.06775, 629.97729;
 407.36099, 630.67834;
 414.60739, 629.26544;
 365.77893, 638.18567;
 299.61444, 649.98505;
 346.56921, 641.77325;
 323.80054, 645.86786;
 312.32703, 647.96808;
 354.78687, 639.8869;
 253.46364, 658.8927;
 324.54156, 645.64172;
 291.94919, 650.83038;
 413.9234, 629.23376;
 320.6413, 645.29187;
 334.34991, 642.45154;
 358.09842, 637.87183;
 413.00684, 628.28687;
 438.33795, 624.86755;
 420.17181, 628.38147;
 430.6123, 626.22845;
 383.47604, 633.2063;
 331.59778, 644.59955;
 319.37912, 646.71411;
 385.69839, 634.4682;
 338.88156, 642.92401;
 412.09964, 629.81122;
 337.17719, 643.87476;
 364.02661, 639.0282;
 343.77725, 642.38007;
 462.46753, 621.27631;
 456.86987, 622.23877;
 475.21268, 617.0119;
 439.08093, 623.1236;
 446.81342, 621.50916;
 437.60568, 625.45917;
 374.27029, 636.47327;
 308.33438, 648.66107;
 410.04941, 630.09119;
 362.0228, 639.24817;
 440.70242, 622.66669;
 320.94257, 646.44427;
 419.20859, 626.711;
 430.23782, 624.65247;
 474.41837, 616.47986;
 435.59503, 623.60309;
 435.60547, 623.78357;
 318.90262, 645.83203;
 397.39789, 632.22058;
 402.625, 631.55786;
 464.19434, 619.41431;
 415.31693, 629.29993;
 393.70227, 633.37152;
 377.14169, 636.18207;
 385.43295, 634.37549;
 389.35669, 633.83527;
 425.93414, 625.33832;
 308.78229, 648.70886;
 471.12512, 617.6264;
 448.81473, 621.69196;
 289.75592, 651.66278;
 376.68573, 634.50427;
 345.32281, 640.53027;
 396.34848, 630.73486;
 387.73383, 632.55084;
 392.99222, 631.72693;
 323.20551, 644.21674;
 472.43567, 619.3338;
 460.48502, 619.81702;
 413.93811, 627.57501;
 411.16388, 628.02478;
 449.2872, 621.72119;
 397.3642, 630.63062;
 421.60223, 626.08307;
 305.90958, 648.729;
 365.47916, 636.60193;
 346.17758, 640.14825;
 315.30771, 646.00873;
 316.67886, 646.79785;
 355.36472, 638.17139;
 356.33279, 638.23083;
 359.11737, 637.94476;
 466.44226, 619.49707;
 422.33923, 627.71936;
 446.84656, 623.34192;
 427.97937, 626.47308;
 434.33292, 625.57104;
 307.62, 648.66199;
 330.68814, 644.49066;
 353.35175, 640.43036;
 373.00058, 636.64368;
 341.05344, 642.68036;
 235.13243, 662.11536;
 290.17194, 651.91638;
 282.5256, 653.39362;
 344.16852, 642.44171;
 365.87213, 638.05139;
 246.42676, 660.0401;
 464.33838, 618.36438;
 264.84314, 656.61615;
 324.5654, 644.07782;
 351.69598, 639.03345;
 337.31702, 641.72174;
 494.8606, 612.84338;
 406.54602, 628.97357;
 363.76953, 636.69232;
 261.27936, 656.86249;
 240.9026, 661.01196;
 381.99725, 633.37128;
 465.13907, 619.00494;
 270.12686, 655.52277;
 295.63577, 649.86517;
 279.21542, 653.21167;
 431.72565, 624.71454;
 451.6651, 620.7453;
 310.81982, 646.91425;
 286.17432, 652.56665;
 311.69354, 648.16809;
 328.14526, 644.66687;
 302.12625, 648.92993;
 303.82019, 648.8634;
 297.38065, 650.51605;
 275.63156, 654.39886;
 319.39423, 646.54932;
 339.13437, 642.69794;
 293.59866, 650.73541;
 278.30417, 653.58295;
 280.51355, 653.20367;
 298.21515, 650.64099;
 286.41403, 651.87433;
 309.4953, 646.98724;
 328.76511, 643.02399;
 350.26343, 639.11249;
 314.48013, 645.95667;
 468.75998, 617.8399;
 458.25143, 619.7262;
 459.63327, 620.46722;
 442.14218, 623.85699;
 480.16312, 615.75995;
 380.3837, 635.04364;
 465.52304, 618.57141;
 410.0307, 629.92743;
 361.52444, 638.6925;
 450.42682, 622.74872;
 445.3782, 622.74109;
 438.85895, 624.0451;
 425.37793, 625.46313;
 342.80804, 640.78241;
 445.67038, 623.04437;
 454.59604, 621.60712;
 357.03214, 638.63635;
 475.74533, 616.89337;
 349.50256, 640.90186;
 444.80618, 621.85712;
 303.38925, 648.427;
 415.52707, 627.23199;
 445.53036, 621.81519;
 344.48138, 640.2135;
 322.72708, 644.29883;
 421.42413, 627.42456;
 398.44641, 631.55536;
 488.78766, 614.34857;
 497.17514, 612.35583;
 467.86099, 618.1593;
 320.48447, 644.82965;
 460.564, 619.68988;
 444.62314, 622.7619;
 452.00424, 621.62469;
 402.78693, 631.54071;
 252.84792, 658.62103;
 390.66864, 633.69928;
 357.84058, 639.10803;
 321.83786, 645.97662;
 373.95215, 634.76556;
 434.37747, 623.86084;
 373.85898, 634.79926;
 449.35638, 622.80823;
 423.10928, 627.56403;
 334.23499, 644.13361;
 274.71783, 654.37201;
 288.62534, 651.245;
 429.23358, 626.75757;
 453.52087, 621.85126;
 295.2735, 651.29584;
 485.34558, 614.66852;
 326.41583, 645.34216;
 330.82956, 644.78668;
 311.83304, 648.29517;
 405.90854, 631.33008;
 358.61496, 639.91229;
 291.79068, 651.59802;
 312.35211, 648.03406;
 283.33405, 653.19312;
 356.75546, 640.05981;
 334.19797, 644.32526;
 350.71036, 640.94843;
 265.24356, 656.4502;
 321.80313, 646.39026;
 341.30096, 642.20569;
 480.23267, 616.32764;
 430.28, 626.95282;
 436.10184, 625.20703;
 370.05927, 637.71362;
 506.42148, 610.5885;
 359.59119, 637.41034;
 365.69952, 636.2417;
 331.54834, 642.67328;
 322.88763, 644.31665;
 451.60541, 620.76801;
 471.65698, 617.70966;
 437.67255, 625.46906;
 327.99637, 644.72064;
 275.97284, 654.3175;
 396.4278, 632.93732;
 442.92111, 624.27216;
 368.59268, 638.00629;
 298.69717, 649.03406;
 360.58496, 639.34216;
 335.69852, 643.81891;
 428.63425, 627.07184;
 267.37598, 655.59351;
 310.71579, 647.98761;
 392.48386, 632.98517;
 283.86896, 652.57324;
 284.75995, 652.03021;
 462.66092, 619.59045;
 374.05145, 634.7793;
 372.45956, 637.07471;
 460.21512, 620.89148;
 403.81036, 629.36768;
 442.22061, 622.34528;
 323.87064, 644.54944;
 370.06845, 635.71051;
 316.05585, 645.69684;
 384.73221, 635.00122;
 458.17776, 619.74371;
 380.00665, 635.13434;
 306.70248, 648.52954;
 423.63864, 628.02417;
 463.74408, 620.58905;
 447.58505, 621.53735;
 418.89609, 629.08423;
 481.2341, 615.39215;
 305.12198, 648.3045;
 333.0477, 643.75171;
 408.88776, 630.5564;
 313.67041, 647.67883;
 248.17863, 659.50439;
 442.37073, 623.95569;
 384.71756, 635.10413;
 304.75409, 649.38153;
 403.57861, 631.52478;
 347.61777, 641.38025;
 352.05774, 640.25623;
 444.36816, 622.073;
 393.58069, 633.52124;
 480.41901, 615.70093;
 420.82767, 626.44672;
 402.77237, 629.52277;
 460.99036, 619.23254;
 440.715, 622.86951;
 457.73721, 620.88348;
 476.09189, 616.68665;
 445.71338, 623.03607;
 278.78778, 653.50397;
 268.74814, 655.64081;
 280.85056, 653.30487;
 303.61139, 649.46759;
 290.44226, 651.74561;
 294.5058, 650.18787;
 378.2077, 636.10095;
 308.00455, 648.75952;
 509.05069, 610.29816;
 327.59171, 645.26569;
 402.18588, 632.06079;
 330.20825, 644.77783;
 402.63132, 631.40021;
 268.83633, 656.0603;
 399.28568, 630.33533;
 350.16965, 639.26672;
 453.87939, 620.57782;
 483.34613, 615.03467;
 422.01331, 626.02667;
 361.048, 637.33881;
 291.74393, 650.90759;
 391.13632, 633.15088;
 415.05283, 628.83386;
 283.47586, 652.54639;
 330.58694, 644.52502;
 338.44415, 642.89636;
 266.74429, 655.79218;
 297.74683, 649.8667;
 282.46231, 653.2627;
 309.94269, 648.00909;
 269.38605, 655.42914;
 406.48553, 629.04279;
 466.80069, 618.9455;
 339.98209, 641.25659;
 377.52356, 635.78137;
 444.22131, 621.98065;
 351.05548, 640.97485;
 247.83742, 659.85876;
 292.77188, 651.69165;
 370.48563, 636.70203;
 408.8421, 628.63654;
 378.10153, 635.95355;
 439.27856, 623.95453;
 445.99136, 622.02271;
 419.8667, 626.57019;
 282.30127, 652.57031;
 356.14481, 638.02606;
 297.55438, 649.53882;
 333.20737, 642.86084;
 284.12292, 652.29865;
 285.07748, 652.53143;
 342.12924, 641.79999;
 296.74771, 650.66882;
 301.56735, 649.59967;
 278.95071, 653.63422;
 334.95261, 643.65051;
 308.00677, 647.4494;
 489.2283, 614.11792;
 354.28384, 638.55438;
 318.28494, 646.26398;
 241.94124, 660.86908;
 399.20404, 632.18536;
 298.89178, 650.375;
 254.40443, 658.73462;
 298.82056, 650.67255;
 275.84085, 654.92004;
 470.23221, 617.61517;
 342.98709, 640.52808;
 318.92133, 645.55225;
 448.74786, 622.94904;
 342.09088, 642.45129;
 312.9198, 647.60541;
 286.99979, 651.81781;
 409.43704, 630.77173;
 319.51489, 646.84259;
 340.9166, 643.01453;
 484.98462, 615.05859;
 423.88596, 627.85541;
 346.70471, 642.02277;
 434.84961, 626.15704;
 339.27487, 643.45575;
 451.06009, 622.90326;
 304.79459, 649.72137;
 385.90485, 634.63385;
 375.01141, 636.70978;
 444.70938, 624.51538;
 461.78134, 618.92621;
 453.16461, 621.92767;
 488.5856, 614.40002;
 463.73514, 618.98425;
 264.47418, 656.2547;
 390.42838, 633.74585;
 376.03329, 636.32788;
 393.67975, 632.92749;
 313.62692, 647.74292;
 362.28656, 639.35626;
 321.48309, 645.802;
 467.36465, 618.83234;
 430.97116, 626.19366;
 401.00668, 632.00464;
 426.09875, 627.63153;
 457.28455, 621.46716;
 387.67737, 634.70422;
 447.12427, 623.74506;
 396.10117, 633.20483;
 412.77243, 630.32043;
 370.18161, 637.90277;
 422.99557, 628.39099;
 364.9704, 638.86151;
 463.36865, 621.17731;
 459.78439, 621.35724;
 466.03345, 620.73431;
 374.08435, 634.77197;
 462.79483, 619.86554;
 319.95029, 646.36804;
 466.88019, 619.39111;
 325.39859, 645.77441;
 334.86487, 644.25208;
 374.06116, 634.78674;
 505.47311, 610.8064;
 287.09689, 652.33569;
 269.43143, 656.05219;
 437.15811, 625.20709;
 435.15833, 625.90411;
 432.7894, 624.07916;
 271.30804, 655.34424;
 484.81018, 615.14734;
 282.78394, 652.44641;
 474.38882, 617.66626;
 297.00198, 650.56226;
 447.18652, 623.20416;
 458.77805, 621.13263;
 316.67831, 645.5108;
 248.24875, 659.52051;
 261.52225, 657.35822;
 376.55673, 636.29333;
 390.46359, 633.72571;
 292.4064, 651.55603;
 374.55853, 634.67932;
 474.43741, 617.00024;
 474.37369, 616.65631;
 324.72214, 643.94183;
 289.08679, 651.17566;
 494.79727, 612.92902;
 342.84418, 640.63153;
 417.21921, 628.87976;
 428.88477, 626.82904;
 448.62177, 623.14563;
 452.69107, 622.0423;
 452.61133, 620.46582;
 374.61914, 634.66132;
 361.53564, 637.13196;
 365.37369, 636.32135;
 468.3468, 618.39557;
 454.42902, 622.16138;
 428.12201, 625.04034;
 481.8606, 615.25073;
 360.10645, 639.40875;
 345.69775, 641.7616;
 460.41541, 620.39484;
 456.83243, 621.0816;
 440.57797, 624.19525;
 342.37354, 642.05688;
 434.00858, 626.40027;
 407.9715, 630.89612;
 483.11847, 616.64288;
 280.03595, 653.50677;
 281.3082, 653.81152;
 431.20197, 624.50269;
 431.00256, 624.54675;
 413.96481, 629.16962;
 462.40976, 618.86511;
 349.6228, 641.36865;
 338.64667, 641.21063;
 312.58878, 648.08356;
 281.60516, 652.73901;
 261.68402, 657.16345;
 352.36398, 640.32263;
 349.32376, 640.94373;
 259.59863, 657.67169;
 259.02148, 657.34344;
 422.40021, 628.5918;
 337.05374, 643.47174;
 354.91763, 640.19519;
 407.41385, 630.10834;
 476.74997, 616.60699;
 374.53912, 634.68024;
 412.63245, 627.74939;
 460.92697, 619.09247;
 297.65805, 649.43286;
 264.30978, 656.25854;
 438.71454, 625.20111;
 445.71628, 623.80243;
 322.20288, 646.16223;
 491.08682, 614.19122;
 482.43384, 616.23383;
 355.51538, 638.19818;
 374.53879, 634.67987;
 338.54572, 641.22888;
 283.37979, 652.91418;
 412.75079, 627.72333;
 271.66592, 654.79108;
 431.82581, 626.50629;
 307.86728, 648.98767;
 430.30942, 626.67542;
 465.55765, 619.29095;
 471.34787, 618.14606;
 481.63831, 615.44708;
 440.41794, 624.57947;
 269.1662, 655.70209;
 412.59705, 627.76569;
 450.9989, 623.32654;
 461.79816, 620.32672;
 356.11801, 638.04803;
 480.97018, 616.10663;
 458.4895, 620.85852;
 466.63226, 618.32849;
 462.03275, 620.52039;
 418.01773, 628.99896;
 274.39023, 655.16992;
 412.28094, 627.83832;
 374.51944, 634.68237;
 346.97711, 639.69043;
 303.32166, 649.51508;
 290.32465, 651.89294;
 287.59457, 651.83704;
 256.40903, 658.02673;
 306.68976, 648.27911;
 471.87128, 618.20447;
 425.46649, 627.70483;
 455.67035, 621.36993;
 437.75354, 624.86481;
 448.18524, 622.58752;
 476.52057, 616.71222;
 450.03973, 622.69031;
 456.77039, 621.46826;
 412.72659, 629.9209;
 468.87189, 618.47144;
 452.31891, 621.93878;
 415.11816, 629.27551;
 274.65799, 654.78052;
 294.10297, 651.60449;
 251.96671, 659.20514;
 288.91174, 651.23767;
 407.22546, 630.94354;
 233.55936, 662.46802;
 336.68939, 641.909;
 295.48486, 651.50677;
 250.75403, 659.58398;
 412.47842, 627.80579;
 374.8407, 634.61761;
 349.68427, 641.39618;
 311.32889, 646.60858;
 488.48956, 614.48157;
 274.0282, 655.25531;
 338.7431, 641.25641;
 356.14496, 638.04272;
 317.7662, 646.08636;
 297.23926, 649.51196;
 305.73245, 649.13062;
 311.89807, 648.00665;
 313.35281, 647.95898;
 445.17813, 623.82593;
 483.8317, 615.00745;
 469.10168, 617.91626;
 458.19006, 619.62024;
 479.34714, 615.8175;
 471.01041, 617.65344;
 473.91934, 617.21326;
 443.40536, 623.5434;
 460.47504, 620.229;
 331.88583, 642.86047;
 330.11249, 643.02991;
 464.86755, 619.11975;
 445.72809, 621.96881;
 458.54852, 620.02997;
 411.90341, 627.93591;
 349.1702, 641.5105;
 427.89124, 626.14984;
 479.1908, 616.52448;
 392.15729, 633.91583;
 442.43518, 623.12061;
 480.7352, 616.16241;
 493.93985, 613.08667;
 380.79126, 635.9472;
 472.39786, 618.21057;
 470.17435, 618.60376;
 395.76352, 632.89484;
 461.88751, 619.81921;
 414.82425, 629.15192;
 390.69315, 633.49957;
 403.77094, 631.51221;
 441.64981, 624;
 429.94598, 626.78564;
 451.84061, 621.78088;
 432.03149, 626.0929;
 378.21658, 635.94958;
 445.21649, 623.50464;
 436.1637, 625.35425;
 479.80759, 616.21063;
 367.56586, 638.35443;
 463.80054, 619.63995;
 397.72382, 632.8512;
 474.40234, 616.62518;
 447.61786, 622.75806;
 457.32639, 620.55768;
 444.41248, 624.23175;
 466.22495, 618.62146;
 454.96622, 621.75671;
 451.16794, 622.73328;
 474.32654, 617.39532;
 423.94009, 628.11304;
 473.21567, 617.18347;
 481.66382, 615.6571;
 411.64569, 627.99695;
 281.54929, 652.9939;
 323.72226, 646.211;
 358.49603, 639.60352;
 255.92366, 658.60571;
 453.0867, 621.29498;
 411.6734, 627.9964;
 381.00229, 635.56293;
 327.54559, 643.5705;
 317.86444, 645.28723;
 304.45404, 648.06189;
 420.72159, 628.33636;
 411.27747, 629.82385;
 392.08887, 633.58624;
 418.05698, 628.94751;
 264.34875, 656.58667;
 275.41373, 654.38611;
 338.73245, 641.198;
 411.70358, 627.99078;
 373.70163, 634.84106;
 264.51129, 656.83984;
 455.34897, 621.40704;
 406.66592, 630.95276;
 449.96274, 622.62006;
 458.09854, 619.98584;
 452.55362, 620.64398;
 286.16702, 652.89929;
 434.57742, 625.40283;
 475.3187, 616.91382;
 428.74246, 627.01807;
 451.26553, 622.00592;
 418.64392, 629.13605;
 427.09683, 627.04187;
 455.53873, 621.17365;
 446.60181, 622.93481;
 420.69772, 627.93988;
 384.2565, 633.0108;
 450.22757, 621.97174;
 460.01114, 620.33868;
 333.46561, 642.30853;
 488.60291, 614.3056;
 451.17398, 620.85095;
 385.91525, 635.00189;
 449.84042, 623.53271;
 480.98978, 616.36627;
 471.21561, 618.61609;
 460.78, 620.91571;
 477.75241, 616.35394;
 449.50537, 621.29095;
 438.75641, 625.5647;
 496.42056, 612.88495;
 490.44846, 614.349;
 411.53226, 630.33789;
 365.00998, 638.81976;
 502.3299, 611.53149;
 471.14142, 618.93317;
 494.73187, 613.30011;
 459.24649, 621.52698;
 478.99155, 616.95459;
 488.0448, 614.84888;
 337.4393, 643.61322;
 465.43707, 620.68677;
 503.72028, 611.14459;
 411.388, 628.04785;
 439.73712, 622.79602;
 380.00125, 636.05377;
 355.91412, 638.11389;
 379.90045, 633.92999;
 472.34116, 616.96869;
 386.6813, 634.29285;
 330.06778, 645.07233;
 316.96884, 647.18793;
 232.72853, 662.57428;
 329.90408, 645.24249;
 417.57141, 628.77911;
 439.54501, 624.47833;
 464.55365, 619.26062;
 482.13132, 615.17236;
 417.42572, 629.02124;
 431.28329, 626.23627;
 365.25586, 636.37927;
 462.06335, 619.34039;
 470.05927, 617.47198;
 427.98431, 625.14386;
 456.32352, 620.24994;
 411.77335, 627.97632;
 322.32117, 645.65112;
 383.32687, 633.44781;
 336.97528, 642.54559;
 393.51904, 631.32019;
 282.61792, 652.98822;
 472.19946, 618.20929;
 423.50928, 627.97729;
 430.94022, 625.8476;
 391.49911, 634.05621;
 445.37656, 622.04651;
 382.28122, 635.35291;
 361.92593, 637.73138;
 487.59842, 614.43469;
 305.97449, 647.99609;
 351.77673, 639.0047;
 396.78506, 630.92596;
 434.89203, 623.97119;
 346.26996, 642.09613;
 402.01248, 630.48419;
 299.68076, 649.49835;
 289.95728, 651.27954;
 463.4924, 620.24371;
 453.51556, 622.56274;
 462.08148, 620.53302;
 432.27161, 626.70654;
 437.47641, 624.89618;
 441.55106, 624.05243;
 422.79544, 627.61743;
 463.64001, 618.61261;
 428.73068, 626.40466;
 401.61322, 631.57037;
 432.49936, 624.58411;
 455.07401, 621.94037;
 441.81833, 624.81238;
 314.04779, 646.34991;
 437.89743, 625.125;
 453.4202, 620.49847;
 480.94223, 615.57507;
 417.45981, 629.39172;
 473.87158, 616.85413;
 452.74142, 620.72858;
 466.43805, 618.25061;
 483.28058, 614.95245;
 415.06366, 629.85315;
 348.37656, 641.75189;
 436.98367, 625.82086;
 434.17557, 626.47058;
 356.04697, 638.08411;
 428.72797, 627.01154;
 438.4924, 624.9621;
 266.7066, 655.92432;
 487.82687, 614.60565;
 461.85895, 620.42419;
 299.11066, 649.21704;
 455.22681, 621.59308;
 465.6756, 619.53931;
 407.79184, 630.97607;
 486.15961, 616.08759;
 472.03024, 618.10748;
 480.66138, 615.73462;
 356.08609, 638.07416;
 481.71225, 616.01355;
 468.44431, 618.05243;
 482.56775, 615.25769;
 481.57523, 616.37036;
 507.98636, 610.46906;
 454.44724, 621.36029;
 444.37082, 623.68518;
 474.20154, 617.48499;
 458.40521, 619.6239;
 372.37927, 637.44928;
 486.86621, 615.00763;
 505.45535, 611.01154;
 343.42984, 640.53815;
 453.91647, 621.95618;
 378.13846, 636.46332;
 405.5582, 631.45093;
 411.83279, 627.9693;
 356.04813, 638.08911;
 501.71637, 611.58868;
 321.51349, 646.5376;
 439.70523, 622.82324;
 430.70184, 624.68433;
 470.35672, 617.51746;
 258.48511, 657.59137;
 470.67465, 618.46112;
 464.0101, 619.37897;
 484.61398, 614.78809;
 435.35553, 625.20819;
 478.1207, 617.05585;
 443.64383, 624.33447;
 382.39722, 635.60181;
 476.98978, 618.45959;
 346.88095, 641.75354;
 257.76111, 658.03925;
 289.53519, 651.11194;
 419.32556, 628.68677;
 418.61691, 628.86261;
 422.45026, 626.06244;
 460.51569, 621.37653;
 318.10529, 645.24292;
 411.83032, 627.96698;
 352.8255, 640.9068;
 273.42673, 654.47803;
 298.44821, 650.67615;
 471.44348, 617.09955;
 472.134, 617.62347;
 457.45883, 620.41724;
 472.78195, 617.4599;
 453.51114, 621.39246;
 453.7366, 622.53107;
 393.64206, 633.05524;
 342.64743, 642.94067;
 462.30551, 618.77582;
 386.9964, 634.52191;
 295.66611, 651.37073;
 425.14191, 627.38959;
 398.103, 632.79474;
 230.46869, 663.01306;
 449.36102, 621.34302;
 423.14053, 628.24811;
 413.09229, 630.24847;
 483.45551, 614.92236;
 411.76028, 627.97937;
 376.3277, 636.90924;
 393.45068, 631.33429;
 309.55121, 648.79449;
 314.04669, 646.36108;
 275.13467, 654.61224;
 295.0845, 650.77466;
 314.8493, 647.56799;
 479.37607, 616.41156;
 460.40347, 620.06018;
 465.06952, 618.56152;
 457.63577, 620.17755;
 378.87057, 636.25098;
 460.91641, 620.76263;
 433.94598, 625.58502;
 437.63416, 625.44757;
 437.38452, 624.72656;
 366.26572, 637.30518;
 276.59171, 654.60675;
 436.74005, 624.77521;
 335.48065, 643.79895;
 446.76886, 624.03442;
 460.86816, 621.27075;
 338.23569, 643.24835;
 426.78891, 625.5014;
 411.72852, 627.98297;
 355.95782, 638.09967;
 384.04962, 633.02496;
 327.83347, 645.09369;
 297.79526, 649.43604;
 459.92557, 619.42773;
 449.23123, 622.18262;
 473.24136, 617.53912;
 465.90359, 618.66833;
 400.84714, 632.27838;
 429.30725, 627.27106;
 431.69504, 626.22369;
 439.46118, 624.01678;
 434.20615, 625.60992;
 274.5372, 655.17004;
 356.12949, 638.06915;
 306.06921, 649.16309;
 361.83133, 638.26178;
 315.76297, 647.03363;
 317.65756, 646.91461;
 450.05365, 621.505;
 422.29907, 628.29974;
 438.92581, 624.86163;
 429.1525, 626.96643;
 381.96774, 635.50214;
 429.2951, 626.34955;
 502.04971, 611.62787;
 320.06296, 645.07471;
 247.10794, 659.93158;
 415.27701, 629.31537;
 282.49274, 652.64075;
 356.04584, 638.08673;
 345.46414, 642.18976;
 333.73022, 643.90332;
 298.99506, 650.56848;
 314.97858, 647.33032;
 468.69046, 618.35577;
 450.29892, 623.1933;
 450.92819, 622.23004;
 396.44043, 632.32953;
 406.23837, 631.11444;
 391.04584, 633.74591;
 293.11646, 651.72119;
 328.66104, 645.47137;
 284.32745, 653.24927;
 343.30844, 641.07074;
 424.07315, 627.90955;
 424.29495, 628.0863;
 376.28308, 636.92029;
 475.60483, 616.76746;
 473.80167, 616.86047;
 373.2493, 637.31409;
 448.76501, 621.32935;
 480.74435, 615.79724;
 411.86203, 627.95911;
 450.1525, 621.9931;
 446.68176, 622.96753;
 455.93085, 620.92786;
 482.47653, 615.39655;
 478.90909, 615.90918;
 470.75479, 618.42053;
 464.08032, 620.10577;
 444.61197, 623.69727;
 463.88126, 619.7168;
 454.69073, 621.33844;
 418.88089, 628.84332;
 406.08655, 631.11877;
 393.84595, 633.69775;
 460.29028, 619.18335;
 452.16656, 621.06683;
 455.09396, 620.50562;
 465.72455, 618.54333;
 401.56659, 629.81549;
 298.358, 649.38385;
 443.75543, 623.22577;
 442.48691, 623.77893;
 466.51749, 620.3736;
 426.47324, 627.63885;
 481.79263, 616.74402;
 437.23254, 623.69086;
 470.12961, 617.47314;
 503.26114, 611.22205;
 272.80563, 655.30688;
 411.39795, 628.04474;
 488.03693, 614.43927;
 457.35037, 620.39764;
 439.78262, 622.85919;
 328.4863, 645.17261;
 379.54425, 636.11169;
 443.16156, 624.19623;
 449.42496, 622.75281;
 495.8743, 613.44904;
 405.03284, 631.61389;
 399.1925, 632.67957;
 344.52789, 642.15619;
 462.25247, 619.30621;
 406.44342, 630.82959;
 477.65363, 616.29242;
 324.37369, 646.02203;
 501.7681, 611.62299;
 505.17892, 611.23389;
 417.93826, 627.72552;
 430.86111, 626.29456;
 458.74081, 619.70624;
 452.26862, 621.57227;
 444.76285, 622.21429;
 464.25867, 619.1991;
 262.75885, 656.82935;
 359.39963, 639.67493;
 429.26532, 626.98828;
 380.20294, 635.74298;
 411.69449, 627.99817;
 366.19266, 638.57758;
 307.88522, 648.94141;
 476.06122, 617.06396;
 466.52075, 619.26831;
 464.5387, 619.28845;
 354.32355, 640.64178;
 436.15082, 625.229;
 349.54089, 641.5025;
 356.28201, 640.11792;
 310.65952, 648.30658;
 268.19092, 655.60565;
 252.6938, 658.64166;
 283.71814, 652.40173;
 454.48938, 621.57404;
 473.55347, 617.23743;
 472.53937, 616.88434;
 441.79608, 623.91681;
 413.00464, 629.604;
 489.27582, 614.58752;
 411.7182, 627.98615;
 285.62534, 652.95709;
 250.72972, 659.25659;
 287.32086, 651.68188;
 258.46558, 657.79523;
 295.09717, 651.25671;
 332.81387, 644.31049;
 483.21667, 615.63751;
 276.42126, 653.8515;
 411.58383, 629.69562;
 489.78287, 614.09015;
 466.77142, 618.26337;
 448.56683, 622.99133;
 430.56528, 626.44165;
 474.27603, 617.70502;
 484.0575, 614.9906;
 451.73022, 620.65558;
 477.75906, 616.42761;
 468.73257, 618.21039;
 451.24384, 621.28278;
 398.94778, 632.34979;
 244.01585, 660.46497;
 258.91617, 657.52118;
 278.74484, 653.78766;
 309.7608, 648.36469;
 386.44312, 634.61298;
 335.49155, 643.95673;
 322.58606, 646.185;
 325.73764, 645.78674;
 369.53745, 637.63739;
 345.58774, 641.93134;
 384.56824, 635.15131;
 418.04688, 628.21661;
 373.73502, 637.21307;
 410.47055, 630.55035;
 388.30859, 634.09961;
 448.41833, 621.5069;
 475.67075, 616.44086;
 455.66803, 620.31683;
 393.48483, 633.13007;
 423.65146, 626.99707;
 485.97195, 614.76569;
 459.64526, 620.42114;
 469.2847, 618.22217;
 453.20316, 621.33508;
 498.37042, 612.35352;
 478.25671, 616.03064;
 462.19586, 619.19916;
 449.76666, 622.49005;
 470.7402, 617.39551;
 341.89777, 642.88928;
 355.73227, 638.18768;
 338.86096, 641.22607;
 284.8454, 652.40924;
 266.84677, 656.0368;
 281.90445, 652.94659;
 271.64188, 654.77612;
 400.84164, 631.11401;
 496.64935, 612.51727;
 493.17996, 613.12964;
 406.06876, 630.77423;
 437.95538, 623.3642;
 327.36624, 645.21814;
 264.1438, 656.82172;
 312.33234, 648.11218;
 300.26746, 650.14221;
 400.18573, 630.40735;
 303.09296, 649.7749;
 407.32828, 630.37482;
 393.42773, 633.43475;
 355.18448, 640.17517;
 415.38373, 627.45752;
 294.44974, 651.15106;
 430.55972, 625.28967;
 289.15518, 652.16937;
 383.49591, 634.6886;
 268.44269, 655.88513;
 273.42691, 654.89337;
 452.87735, 621.27197;
 436.50131, 624.43811;
 431.87494, 625.93481;
 428.54681, 625.46252;
 458.23718, 620.17651;
 443.99377, 622.49823;
 400.06812, 631.68219;
 446.77307, 622.26086;
 330.70114, 644.8446;
 365.6387, 637.83936;
 324.89224, 645.48376;
 346.81619, 641.49817;
 343.46127, 641.86108;
 376.73337, 635.88562;
 260.87042, 657.50305;
 277.89627, 653.64954;
 362.11008, 639.01471;
 358.34805, 639.41632;
 302.28818, 648.99707;
 282.17883, 653.71918;
 365.29904, 637.59393;
 417.98923, 626.99927;
 439.69849, 623.42047;
 370.01862, 637.03729;
 361.65921, 638.08435;
 357.5585, 639.15692;
 351.22073, 640.64545;
 399.73859, 630.99701;
 287.00461, 652.07709;
 263.46637, 656.47375;
 425.16083, 626.97906;
 379.14908, 634.05847;
 346.58231, 639.78375;
 398.86169, 630.39581;
 420.1048, 626.47394;
 452.69348, 620.67072;
 451.03513, 621.19751;
 430.34534, 625.92755;
 460.20447, 619.27539;
 443.00534, 623.6051;
 390.23849, 632.92603;
 462.89026, 618.81116;
 456.78778, 619.9281;
 350.68475, 640.95007;
 369.85025, 637.33209;
 314.09647, 647.35486;
 279.55142, 653.89612;
 447.86597, 621.73016;
 441.78122, 622.63214;
 292.92279, 651.12769;
 347.75406, 640.60468;
 463.13647, 618.96558;
 454.49173, 620.27893;
 351.26874, 639.8067;
 439.75244, 622.8869;
 404.7421, 631.1936;
 320.3475, 646.27472;
 495.14612, 612.78241;
 342.09677, 642.36566;
 467.48434, 619.02209;
 476.87137, 616.86914;
 444.93781, 622.84387;
 485.29471, 614.55914;
 272.66568, 654.79169;
 364.96191, 638.27667;
 328.96909, 644.59216;
 409.24075, 628.74969;
 298.29944, 649.55103;
 303.36017, 648.22833;
 424.50305, 625.83124;
 303.63138, 648.63031;
 465.7207, 618.19342;
 472.81863, 618.01544;
 319.09232, 646.43164;
 388.52399, 634.02026;
 298.87216, 649.28394;
 469.18488, 617.86328;
 480.64893, 616.13849;
 423.82816, 626.92432;
 374.2688, 636.78333;
 361.7132, 638.32776;
 388.26779, 633.78735;
 425.46045, 625.85785;
 305.453, 648.70825;
 288.16339, 651.41919;
 289.737, 652.22534;
 307.48108, 648.55334;
 416.07648, 627.90765;
 344.28186, 641.43506;
 447.68112, 621.94781;
 452.51981, 621.6167;
 375.47296, 635.64398;
 443.98489, 623.23041;
 332.21524, 644.29852;
 379.61499, 635.10303;
 364.32925, 636.55798;
 318.8833, 645.02112;
 314.14255, 646.8172;
 463.34476, 618.6109;
 410.54886, 628.21216;
 312.48703, 646.4397;
 412.52603, 629.35486;
 400.39148, 631.55579;
 456.5578, 620.07648;
 283.91876, 652.76355;
 260.09052, 657.50873;
 345.87408, 640.42639;
 400.49185, 630.06622;
 339.25726, 642.63654;
 480.01489, 616.39801;
 347.57941, 641.06769;
 384.96573, 635.00385;
 345.60477, 640.60077;
 331.17838, 642.80377;
 279.29196, 653.98102;
 292.79288, 650.51172;
 462.65335, 618.9082;
 361.01004, 637.34247;
 449.95813, 621.11902;
 327.45575, 645.12939;
 316.24652, 647.19482;
 339.05615, 643.0448;
 342.91672, 640.62073;
 312.93427, 646.71558;
 285.46445, 652.28967;
 297.21091, 650.00452;
 303.44415, 648.23962;
 485.82065, 614.80774;
 318.29355, 646.42755;
 307.91266, 647.82434;
 361.35181, 638.62549;
 278.49384, 653.94049;
 366.71826, 636.32526;
 310.7775, 648.28314;
 380.10297, 635.56879;
 370.21271, 635.83588;
 339.92288, 641.18927;
 232.78914, 662.53876;
 337.75931, 642.81982;
 324.27628, 645.9502;
 301.89166, 649.98389;
 408.36728, 628.75684;
 356.47192, 638.0069;
 292.23676, 651.09631;
 263.80273, 656.39648;
 334.93253, 641.99152;
 321.28146, 644.89197;
 244.77222, 660.34924;
 281.22903, 652.82379;
 326.25974, 643.63586;
 294.04022, 650.55737;
 364.39206, 636.93176;
 282.51596, 653.01312;
 478.59479, 615.95612;
 308.36856, 647.77484;
 347.35635, 639.58521;
 364.57925, 636.45862;
 474.3978, 616.70813;
 467.2467, 618.00067;
 444.80627, 622.28802;
 400.77945, 629.99762;
 320.31351, 645.80121;
 283.91946, 652.45862;
 350.25607, 639.62653;
 354.91068, 638.54694;
 354.14267, 639.10358;
 494.33075, 613.06726;
 494.31982, 612.97504;
 285.66159, 652.92737;
 294.9187, 651.07507;
 272.54153, 655.34869;
 490.59329, 613.73187;
 451.38602, 621.24255;
 466.77377, 618.289;
 374.41556, 634.71692;
 455.31958, 620.41754;
 477.97974, 616.21283;
 462.43384, 619.26599;
 483.85068, 614.92352;
 308.28558, 648.91693;
 330.92447, 644.79883;
 327.85699, 645.10571;
 342.74359, 640.6106;
 316.59567, 647.1557;
 298.67944, 649.50256;
 345.66724, 640.24396;
 294.22656, 651.4613;
 481.28937, 615.53412;
 448.57889, 621.51221;
 359.12323, 639.24957;
 346.69681, 641.70343;
 487.71652, 614.50775;
 473.31137, 617.3576;
 459.66122, 619.48114;
 453.33646, 621.29742;
 469.83786, 618.05878;
 355.31473, 640.43866;
 313.06973, 646.37805;
 298.29175, 649.34436;
 339.23624, 641.16559;
 387.90356, 634.30084;
 283.2207, 652.91962;
 309.32843, 648.70129;
 440.72946, 622.66022;
 476.06522, 616.85077;
 460.17908, 619.95789;
 462.1069, 619.67285;
 272.21002, 654.88611;
 361.73184, 637.73901;
 341.45804, 642.9212;
 458.68198, 619.81726;
 480.88339, 615.79132;
 481.27856, 615.83203;
 473.08176, 617.5542;
 398.08868, 632.27844;
 446.08197, 621.86176;
 448.80035, 623.09503;
 471.14554, 618.36237;
 480.0817, 616.36163;
 461.56351, 620.65009;
 444.68466, 623.82715;
 437.51501, 624.90472;
 425.13715, 627.14014;
 431.84473, 626.19348;
 449.82596, 622.73291;
 431.13538, 624.50677;
 460.13528, 620.35468;
 479.1658, 615.95691;
 473.33597, 617.95856;
 480.17297, 616.22998;
 264.13782, 656.85205;
 380.00055, 636.00446;
 425.28177, 627.63342;
 419.11569, 628.48456;
 406.32266, 631.29688;
 489.68362, 614.45837;
 412.77432, 629.93262;
 463.6311, 620.22894;
 391.80554, 633.90833;
 450.965, 622.97113;
 440.65726, 624.57227;
 451.75659, 622.08167;
 383.5452, 635.46539;
 403.75201, 631.5473;
 421.17847, 628.38336;
 428.37015, 627.37323;
 465.83185, 618.85602;
 410.0668, 630.65802;
 437.13589, 625.83746;
 467.13123, 618.06543;
 465.63116, 618.72656;
 272.79761, 654.96436;
 456.35236, 621.01068;
 401.9267, 632.08533;
 255.35654, 658.24207;
 445.98849, 623.35663;
 463.06018, 620.0697;
 429.61768, 626.84143;
 464.36093, 619.57654;
 453.12494, 622.15057;
 444.0502, 624.21198;
 456.10205, 621.73132;
 450.93839, 623.07172;
 379.14487, 633.98206;
 438.58701, 625.25275;
 443.24609, 623.60095;
 418.41052, 629.12073;
 461.31119, 618.93719;
 369.702, 635.73865;
 366.1557, 638.52393;
 470.47736, 617.44348;
 312.6554, 647.81915;
 481.24722, 616.36188;
 495.42035, 613.05402;
 357.97089, 639.69476;
 443.90054, 624.42041;
 366.5864, 638.08862;
 282.07202, 652.72961;
 438.29056, 623.26868;
 477.34756, 616.45917;
 277.11472, 654.47394;
 270.88123, 655.61224;
 428.36108, 626.75763;
 382.3526, 635.36072;
 433.9996, 626.08582;
 397.74631, 632.8847;
 448.01083, 623.84607;
 414.15222, 629.84894;
 458.02618, 620.33472;
 392.75385, 631.39941;
 464.79938, 619.34119;
 459.54721, 619.51495;
 466.44888, 618.92426;
 308.51581, 648.89355;
 286.42828, 652.86407;
 331.82278, 644.72125;
 465.15878, 618.84924;
 333.82681, 642.23126;
 455.52158, 620.43884;
 461.84787, 620.79926;
 495.05872, 613.32867;
 503.11526, 611.17194;
 469.86606, 619.58533;
 467.01276, 620.3175;
 355.99402, 638.09692;
 455.44266, 621.46234;
 470.55869, 619.07306;
 298.75974, 649.31696;
 273.189, 654.55627;
 273.55963, 654.67639;
 294.66705, 651.58881;
 438.6908, 625.28369;
 477.14264, 618.38348;
 320.5061, 646.69843;
 296.33139, 651.18268;
 470.33865, 618.34637;
 480.00327, 616.28418;
 466.81113, 618.35522;
 445.43567, 623.80676;
 479.96967, 616.11017;
 418.7612, 628.02148;
 284.38309, 653.14044;
 460.66577, 620.60168;
 471.82843, 618.56238;
 379.07452, 636.08258;
 406.86963, 631.19836;
 349.10663, 641.16248;
 411.57727, 628.0083;
 264.3374, 656.60846;
 282.8862, 652.55048;
 445.83804, 622.19031;
 480.96185, 616.19812;
 420.78934, 628.89844;
 294.4281, 650.92102;
 486.89365, 614.64221;
 337.9169, 641.61462;
 482.18735, 615.86322;
 473.95602, 617.84296;
 463.81552, 620.12555;
 480.02762, 616.25372;
 467.11523, 618.81708;
 469.55865, 618.8324;
 501.25839, 611.84546;
 302.62253, 650.08801;
 303.81387, 648.47681;
 263.23907, 657.20612;
 472.51715, 617.04614;
 352.57736, 641.18799;
 306.29114, 649.4881;
 291.69241, 651.6051]
