[252.9902, 304.57568;
 219.91783, 311.2822;
 227.41383, 320.9422;
 217.71623, 306.22626;
 223.14726, 312.0722;
 282.26816, 294.32712;
 293.32529, 286.98419;
 335.48834, 320.59332;
 300.26923, 300.32291;
 302.04959, 293.60703;
 236.52135, 299.53918;
 323.54169, 312.47589;
 294.97906, 280.75055;
 277.16293, 298.90094;
 280.384, 276.0321;
 289.40561, 292.65506;
 314.65921, 312.24469;
 312.23074, 302.00818;
 336.7583, 323.0596;
 274.43243, 282.28799;
 305.68631, 362.33984;
 210.88393, 304.45953;
 224.43001, 327.66629;
 293.13544, 275.13187;
 287.84311, 276.62891;
 316.99631, 289.01321;
 211.73781, 292.13483;
 216.76041, 298.84595;
 316.51804, 290.25552;
 321.55713, 291.50073;
 336.45609, 297.58075;
 330.31674, 292.97202;
 330.36636, 301.20758;
 280.86487, 372.75034;
 330.68097, 332.75964;
 290.09912, 285.48907;
 351.83411, 332.6514;
 292.48099, 276.83569;
 329.00861, 298.38583;
 335.7659, 295.13388;
 346.23877, 322.8244;
 331.18484, 302.79999;
 344.18695, 309.31186;
 337.67508, 361.96738;
 268.00534, 300.05402;
 313.1221, 309.47009;
 270.08286, 295.17621;
 273.41635, 294.07556;
 317.08932, 306.76147;
 233.61536, 305.5607;
 246.40881, 290.25012;
 284.4682, 274.11566;
 255.0654, 362.44461;
 284.11639, 290.49585;
 286.00745, 286.01611;
 278.11279, 308.23618;
 218.99522, 295.98294;
 308.3472, 291.77551;
 284.3938, 271.72583;
 335.18491, 304.22113;
 280.22107, 287.6384;
 231.87077, 305.44867;
 289.49115, 275.19043;
 277.81522, 280.41852;
 258.87195, 281.59128;
 243.05272, 334.89505;
 341.43002, 302.67691;
 207.11792, 296.79889;
 234.67346, 295.651;
 219.9783, 301.76096;
 262.33673, 285.06207;
 287.90359, 273.38351;
 272.35492, 277.24396;
 258.66995, 280.86078;
 288.82297, 370.69867;
 278.92227, 361.68271;
 210.58794, 296.68338;
 263.59464, 285.1199;
 282.20645, 274.77109;
 284.49292, 272.34903;
 289.53723, 276.40863;
 299.55206, 277.82605;
 366.34348, 331.53949;
 324.34741, 288.0484;
 348.12238, 339.72015;
 313.53345, 355.34375;
 314.40829, 292.56247;
 324.64142, 301.29932;
 327.07178, 302.43466;
 359.69168, 333.75262;
 353.1629, 340.36584;
 362.77777, 325.75021;
 358.59369, 326.05429;
 226.55147, 305.68808;
 251.9523, 295.61078;
 306.80484, 288.48306;
 281.93329, 281.15213;
 296.17349, 278.81155;
 290.0842, 280.53287;
 287.44232, 268.69977;
 279.17752, 360.53607;
 295.22137, 359.95715;
 382.0282, 339.46445;
 224.49373, 304.88818;
 265.48798, 355.5788;
 274.72653, 364.20245;
 338.18262, 336.50162;
 271.06992, 339.20343;
 268.44974, 359.05911;
 342.52615, 322.2583;
 315.26532, 291.99374;
 366.33981, 323.17593;
 248.06541, 309.80688;
 255.61987, 298.10303;
 245.67838, 302.01758;
 298.74954, 282.69846;
 293.6994, 283.86984;
 287.09616, 280.08362;
 260.69293, 274.35831;
 264.1713, 270.99091;
 284.15973, 280.12091;
 305.88681, 284.56842;
 280.01367, 281.93613;
 317.7724, 292.41068;
 362.68539, 323.06937;
 306.84241, 282.32135;
 307.1459, 278.68582;
 335.71115, 343.21014;
 332.45416, 299.03336;
 363.73788, 343.78308;
 349.40482, 315.02353;
 239.54903, 310.32346;
 220.17732, 308.24911;
 212.73784, 298.7132;
 229.00142, 299.56537;
 227.27657, 315.63892;
 224.93407, 298.30411;
 213.47505, 299.82254;
 283.99603, 307.31546;
 273.0271, 288.61115;
 252.14027, 275.99725;
 295.94595, 282.7998;
 304.12286, 288.37619;
 325.74017, 297.93646;
 219.98654, 301.31479;
 222.76872, 295.74533;
 213.49706, 294.74103;
 222.29352, 279.52109;
 203.20155, 296.45114;
 202.54257, 288.97809;
 287.85312, 269.64212;
 211.26715, 291.52448;
 273.82309, 346.34937;
 283.05063, 353.88165;
 319.24454, 293.44547;
 352.87637, 331.21725;
 361.52737, 326.13062;
 319.22791, 349.87665;
 331.31393, 336.46545;
 217.33791, 297.93011;
 235.8949, 297.73914;
 217.40251, 286.4549;
 264.19458, 338.25708;
 230.68138, 295.85007;
 271.2099, 355.27655;
 220.21631, 289.44669;
 297.56769, 350.68835;
 309.32111, 273.3183;
 235.91849, 293.08813;
 309.50378, 294.4314;
 236.13657, 304.18896;
 302.15369, 339.6478;
 253.75273, 276.37991;
 232.98528, 306.18491;
 224.93449, 305.96289;
 267.59363, 353.65723;
 216.41042, 288.15759;
 275.88708, 358.78754;
 208.42796, 293.2131;
 220.38501, 291.78586;
 305.91238, 285.82339;
 295.79327, 273.28583;
 348.97638, 317.06555;
 329.33261, 302.33655;
 290.26474, 287.43762;
 272.40253, 281.00198;
 328.83633, 310.1163;
 318.22177, 301.36932;
 293.20166, 282.09366;
 338.67365, 309.19455;
 307.72235, 338.4957;
 334.82416, 331.46225;
 287.49533, 350.23715;
 270.96533, 273.086;
 284.72409, 268.65067;
 288.20312, 262.66101;
 291.93225, 271.08093;
 365.30771, 337.56763;
 339.37762, 335.25162;
 341.2002, 321.12589;
 300.16373, 350.40375;
 346.13507, 329.93814;
 242.18083, 306.41986;
 204.59322, 293.12579;
 241.93796, 286.99152;
 212.05742, 299.1098;
 296.88586, 283.50403;
 289.70966, 279.72409;
 258.56036, 277.11649;
 327.43658, 302.89911;
 285.41571, 276.75851;
 273.78351, 271.0336;
 287.97562, 270.70502;
 348.14276, 315.40393;
 301.27188, 278.98889;
 363.36328, 322.81836;
 273.38968, 277.2142;
 284.54462, 269.70337;
 260.38428, 281.28995;
 235.81097, 292.12949;
 251.41232, 290.16611;
 218.35394, 304.01352;
 278.69891, 281.11514;
 288.67996, 268.61221;
 370.21054, 325.25708;
 324.22137, 290.95621;
 208.75955, 299.92786;
 216.09885, 308.58813;
 213.96899, 296.32397;
 293.66806, 272.67545;
 248.2039, 301.68817;
 244.65096, 289.27814;
 223.76682, 304.31989;
 257.5564, 305.83698;
 337.40906, 325.58078;
 224.78896, 288.07126;
 231.43225, 287.40305;
 208.1104, 290.76874;
 209.48549, 300.76913;
 252.68819, 278.97513;
 278.79391, 270.39984;
 273.64056, 288.82312;
 282.90152, 275.95932;
 245.06638, 281.29776;
 296.69003, 271.96671;
 327.34781, 350.33182;
 299.37094, 281.13336;
 316.28659, 292.75284;
 329.05341, 287.06482;
 312.93579, 282.45755;
 342.88177, 305.81577;
 312.73627, 281.66443;
 303.24408, 275.5751;
 299.46243, 272.7439;
 338.30859, 290.19382;
 309.15219, 280.19803;
 356.67276, 326.80612;
 316.41525, 283.91403;
 327.88821, 289.28305;
 362.26434, 309.17441;
 349.96765, 305.05746;
 336.67569, 294.2915;
 346.61615, 339.55362;
 323.78506, 286.87201;
 258.01196, 343.64005;
 313.05481, 287.62173;
 276.29089, 318.72211;
 349.42188, 325.90295;
 226.76604, 299.6532;
 241.02061, 293.23584;
 220.05318, 291.40366;
 239.20041, 284.3132;
 230.93146, 313.69843;
 240.79764, 281.62073;
 286.58517, 283.74203;
 234.45775, 298.19104;
 230.07899, 301.42038;
 293.18857, 261.86664;
 287.87592, 354.3591;
 245.10364, 281.86124;
 284.56613, 268.29446;
 262.20825, 337.84659;
 201.25798, 297.75748;
 352.91013, 324.44977;
 278.21045, 350.09647;
 325.94449, 331.27109;
 326.59036, 343.59561;
 305.14114, 339.70157;
 287.40073, 341.99619;
 293.73566, 355.8161;
 223.19464, 293.83673;
 273.24246, 288.35632;
 303.52432, 315.18903;
 321.52277, 295.79907;
 265.28436, 338.77802;
 278.33719, 341.418;
 316.83673, 344.80588;
 268.39456, 338.89661;
 262.58905, 311.51102;
 291.55823, 300.64731;
 266.58679, 275.32675;
 235.27605, 312.78928;
 262.56683, 279.88547;
 275.97186, 276.05655;
 230.83353, 293.44376;
 264.25653, 276.46249;
 230.97104, 285.34814;
 270.74887, 272.01837;
 258.03491, 275.85159;
 294.26413, 300.46857;
 309.77045, 348.16852;
 237.41615, 310.31161;
 331.08081, 298.68054;
 351.37119, 319.00089;
 347.2012, 349.29483;
 359.34744, 335.85425;
 317.2131, 309.25244;
 301.53052, 288.14801;
 281.81729, 272.45056;
 289.27878, 278.37433;
 351.47705, 299.0705;
 354.59357, 303.07434;
 296.64493, 282.63196;
 294.02234, 288.95071;
 325.67978, 300.99142;
 377.06845, 333.43585;
 304.66232, 281.68805;
 291.43802, 266.36032;
 333.59607, 290.44012;
 316.04001, 279.18542;
 325.13599, 290.0553;
 299.00403, 261.15466;
 323.81448, 286.4541;
 335.24979, 298.46591;
 344.9357, 300.09741;
 307.21957, 273.05777;
 338.16504, 295.6886;
 326.2041, 282.05331;
 336.1561, 301.13452;
 358.47891, 308.13196;
 276.85425, 349.72195;
 286.13202, 361.8866;
 286.94937, 364.17291;
 303.17862, 356.41068;
 269.34299, 356.25183;
 296.04575, 359.19241;
 298.28268, 347.70828;
 298.15225, 351.47357;
 295.66833, 360.90692;
 286.59506, 346.54507;
 275.80832, 363.59732;
 258.17657, 330.2767;
 280.55884, 342.61356;
 288.62457, 362.40195;
 281.83713, 356.56436;
 278.27274, 364.2999;
 304.27179, 353.0127;
 278.84671, 357.03214;
 263.15363, 342.56473;
 296.30051, 354.4176;
 283.75613, 362.07544;
 272.91455, 350.59634;
 262.16589, 350.26553;
 314.40796, 356.26376;
 242.82224, 326.00879;
 264.46906, 338.33777;
 265.89426, 351.54916;
 273.33249, 348.49753;
 317.71121, 356.69025;
 270.74036, 360.0123;
 278.00351, 357.39221;
 281.26483, 369.27469;
 293.46817, 353.60501;
 255.27516, 339.98859;
 234.32195, 287.75781;
 222.03337, 287.2442;
 276.00888, 352.76904;
 236.50131, 282.62842;
 227.07903, 290.15967;
 242.03239, 285.99359;
 229.8302, 296.2507;
 218.49355, 293.95605;
 221.7197, 306.99765;
 213.83594, 298.60593;
 223.11092, 296.1669;
 241.65974, 326.05997;
 312.73267, 341.7106;
 231.67395, 306.79315;
 366.81754, 329.70657;
 340.39658, 333.17587;
 217.5376, 293.5553;
 342.64676, 315.61377;
 233.10211, 290.04245;
 247.83127, 285.4762;
 235.16737, 321.43286;
 211.75339, 295.67871;
 268.42584, 356.08417;
 335.63016, 332.30414;
 222.26401, 297.68353;
 269.63995, 276.60446;
 266.66818, 281.98764;
 240.16776, 295.34396;
 303.45078, 343.96365;
 219.41621, 294.85501;
 253.47594, 282.17197;
 239.85799, 286.9949;
 279.51938, 272.29633;
 223.40039, 290.7182;
 216.7935, 300.31613;
 298.68484, 361.73981;
 223.21892, 298.51889;
 215.28062, 301.61627;
 290.97754, 273.18362;
 224.53432, 301.42307;
 265.85098, 275.69376;
 231.54643, 288.20615;
 211.7561, 296.1524;
 287.8768, 279.34744;
 246.03761, 283.81952;
 297.46985, 278.54083;
 237.74162, 285.02847;
 242.66257, 290.24792;
 259.95023, 278.87625;
 285.98868, 282.31284;
 289.13162, 269.29288;
 234.24089, 282.01141;
 356.01657, 334.17957;
 366.92773, 311.81476;
 292.08505, 255.90677;
 364.51508, 311.75928;
 295.80344, 270.64096;
 301.21802, 279.58487;
 325.18607, 303.96912;
 296.70087, 271.50262;
 285.16559, 261.26752;
 287.65961, 267.01694;
 229.87445, 279.37845;
 239.39372, 278.96591;
 282.61484, 264.15128;
 253.78392, 274.32074;
 284.55804, 263.52771;
 241.21617, 279.54327;
 317.73642, 276.0087;
 296.40561, 276.52698;
 292.23865, 276.61017;
 286.20468, 268.54016;
 301.91522, 281.03076;
 232.03462, 301.04453;
 240.13414, 307.72421;
 335.0033, 293.00519;
 236.26355, 265.61789;
 213.5849, 293.22064;
 326.16354, 289.96231;
 272.3266, 272.8028;
 301.93719, 279.65771;
 294.33719, 272.55518;
 287.15869, 274.36462;
 315.94827, 296.60849;
 276.98199, 273.26395;
 288.93457, 282.76389;
 270.56448, 275.30554;
 275.26846, 287.30624;
 284.79437, 275.26807;
 268.15982, 280.20926;
 313.90527, 288.47556;
 278.84271, 356.07162;
 294.79803, 354.07101;
 284.62735, 356.1947;
 206.51598, 294.42783;
 220.38516, 295.0376;
 219.37097, 297.61581;
 215.92072, 295.32382;
 222.07938, 302.45346;
 213.28555, 292.83017;
 286.76572, 354.18079;
 284.26416, 361.08508;
 285.0191, 370.25751;
 219.46858, 298.97684;
 226.45444, 305.54691;
 254.93295, 332.59268;
 267.9501, 362.44101;
 295.64941, 363.96982;
 212.69203, 297.47824;
 248.58568, 330.22302;
 285.08615, 359.42923;
 227.04028, 303.76508;
 322.65579, 350.74866;
 267.92392, 358.25015;
 267.87637, 358.71887;
 262.18869, 348.58591;
 208.78642, 298.53577;
 257.00525, 347.85834;
 203.87701, 293.96719;
 210.55115, 295.89471;
 212.35648, 299.74576;
 231.51184, 316.07449;
 223.90453, 308.64746;
 237.63959, 325.47723;
 261.53299, 356.34805;
 253.79155, 348.67264;
 217.67574, 293.91226;
 215.7419, 295.27716;
 271.78156, 366.55939;
 264.27002, 357.79962;
 274.27979, 368.59122;
 229.10594, 291.03354;
 239.62311, 295.78555;
 221.9433, 312.62985;
 234.06735, 311.81305;
 229.23764, 286.86679;
 280.05389, 366.91226;
 270.97534, 338.78647;
 263.04541, 328.88715;
 257.96442, 337.57202;
 237.5701, 305.89532;
 250.69356, 276.67374;
 235.08171, 291.9592;
 241.97035, 320.01324;
 248.3027, 329.62686;
 238.29141, 287.17075;
 226.98433, 304.10971;
 250.01198, 316.7702;
 254.71011, 332.14499;
 246.68404, 323.20917;
 212.11122, 293.12714;
 267.67755, 346.63046;
 286.90784, 368.19812;
 313.16995, 334.08057;
 270.77936, 289.01547;
 248.95795, 287.72464;
 274.67441, 282.56021;
 262.92422, 282.72894;
 245.0724, 288.60504;
 245.14059, 281.58603;
 334.9313, 350.2702;
 343.319, 341.79971;
 329.58539, 354.23206;
 261.40512, 281.90942;
 257.02908, 278.34067;
 271.39978, 272.65497;
 267.01657, 293.43323;
 267.18048, 285.57166;
 318.0899, 358.54611;
 256.35605, 341.79984;
 220.89647, 322.85291;
 244.84837, 293.91208;
 214.9174, 303.63782;
 324.15359, 342.93793;
 299.8298, 354.13229;
 244.82207, 336.85376;
 297.64484, 359.50943;
 344.836, 339.16519;
 350.81641, 342.67682;
 351.60727, 340.07803;
 313.39667, 293.84448;
 304.81573, 286.77179;
 333.58237, 307.13116;
 311.99484, 299.36292;
 304.48215, 360.28537;
 269.46243, 359.00638;
 369.68137, 327.89478;
 352.80872, 344.82248;
 367.41602, 337.15588;
 325.65994, 336.00674;
 302.51575, 292.78888;
 322.54376, 319.73199;
 296.00824, 295.20465;
 320.53311, 353.34921;
 336.6066, 345.85168;
 224.09309, 291.71445;
 245.37027, 313.41449;
 233.97281, 292.97705;
 259.65186, 349.4147;
 255.5714, 357.51349;
 297.4469, 279.73065;
 277.397, 277.50049;
 336.73138, 322.99832;
 310.23386, 342.73837;
 338.25949, 338.15234;
 355.76111, 327.13153;
 367.65796, 326.98343;
 321.59363, 348.81982;
 362.40863, 331.88348;
 242.26463, 283.40854;
 324.14438, 299.3945;
 307.43427, 295.7663;
 302.3479, 282.99734;
 255.67085, 285.55823;
 290.90463, 282.03528;
 280.21371, 281.52286;
 269.52954, 280.74756;
 283.55176, 358.09778;
 348.17969, 328.67227;
 320.08682, 309.51056;
 370.79977, 329.18759;
 368.77579, 328.25174;
 366.0126, 337.76535;
 345.02017, 313.13715;
 329.43063, 306.40509;
 278.7948, 273.48447;
 275.01755, 270.69342;
 342.12173, 322.68677;
 286.11612, 279.62109;
 289.11368, 274.05093;
 304.07556, 274.46448;
 311.74686, 280.86014;
 311.61841, 312.90213;
 311.51093, 317.06564;
 340.40762, 330.164;
 352.73312, 332.46396;
 312.12289, 363.83643;
 329.89667, 346.99139;
 358.82672, 318.68637;
 354.00226, 331.40253;
 337.89545, 345.09897;
 332.17065, 351.0455;
 361.88943, 329.31216;
 256.27118, 278.27142;
 353.03278, 314.8591;
 340.46265, 309.90234;
 228.01353, 299.80551;
 331.54523, 337.75867;
 347.53082, 311.25107;
 335.1825, 310.82571;
 337.8063, 321.87976;
 349.98196, 328.97336;
 241.16029, 292.90109;
 356.37177, 314.84409;
 338.83878, 325.72861;
 368.36542, 333.9682;
 281.31396, 277.43604;
 333.80411, 318.17624;
 291.71384, 278.67648;
 344.82361, 327.34616;
 325.81699, 307.29828;
 225.728, 305.29779;
 368.87274, 317.11072;
 233.03639, 302.74951;
 328.59753, 292.23746;
 345.33713, 299.07544;
 210.08443, 296.41501;
 347.59784, 306.64905;
 353.07562, 308.44302;
 326.80338, 294.25891;
 279.38205, 272.90219;
 288.8367, 365.54688;
 250.61174, 333.32291;
 289.22253, 363.15167;
 280.51871, 269.01273;
 270.707, 272.00403;
 223.50392, 291.92307;
 214.23529, 292.71777;
 226.37901, 305.60123;
 293.80981, 357.78479;
 309.75635, 350.71078;
 272.00806, 367.30997;
 285.31238, 358.08545;
 225.66917, 291.94131;
 217.61726, 301.45169;
 287.04596, 361.19809;
 290.75677, 271.4451;
 319.08014, 285.16583;
 260.53934, 328.80887;
 284.28122, 274.59079;
 266.71442, 276.81265;
 367.59265, 328.88507;
 292.28455, 269.77136;
 357.25458, 322.19144;
 369.59171, 327.93478;
 263.21832, 284.74411;
 336.33762, 305.39584;
 342.52451, 306.76288;
 334.76688, 303.3739;
 276.81784, 279.97678;
 308.49857, 294.42484;
 270.69583, 279.38647;
 313.89584, 297.07941;
 324.21594, 299.06012;
 287.65045, 278.09979;
 306.78128, 284.53967;
 307.92236, 284.50439;
 319.08984, 304.36649;
 324.64911, 296.63309;
 297.66321, 280.08841;
 308.19794, 281.91437;
 246.09471, 288.57449;
 293.40048, 281.38922;
 315.53229, 290.67584;
 352.42682, 336.93951;
 347.95523, 325.45309;
 329.23587, 303.3782;
 321.48523, 297.1795;
 336.41846, 306.49435;
 321.58514, 302.78494;
 336.95749, 311.28345;
 316.47913, 308.81534;
 321.25562, 294.73322;
 364.561, 328.41547;
 351.75717, 330.0206;
 345.11917, 324.48163;
 354.57431, 330.90778;
 360.2117, 329.31458;
 343.42209, 322.5881;
 345.11237, 319.64108;
 328.64621, 297.1246;
 272.1297, 328.72693;
 363.44882, 311.72296;
 331.73767, 327.07111;
 265.09601, 277.28427;
 276.19821, 274.3161;
 269.6561, 283.14389;
 330.43347, 352.04694;
 355.11865, 315.354;
 300.47592, 282.8045;
 230.42955, 294.17279;
 293.03641, 276.25067;
 308.31027, 289.04288;
 279.77127, 294.70828;
 289.35196, 282.03857;
 281.32489, 276.06497;
 301.62512, 268.19232;
 281.84811, 273.05756;
 266.4364, 273.35693;
 207.47809, 294.5289;
 237.44571, 284.84146;
 218.21103, 293.30673;
 229.64162, 290.0311;
 230.40254, 297.31964;
 322.73904, 295.9689;
 299.01666, 301.72076;
 328.86816, 303.54135;
 311.63373, 302.8136;
 314.47552, 299.79745;
 356.51907, 331.70181;
 365.5408, 333.88733;
 210.26607, 298.57733;
 318.87613, 334.31436;
 368.37369, 320.09622;
 218.84955, 294.09726;
 223.33821, 305.92834;
 338.66644, 309.91281;
 319.56845, 316.23975;
 322.08365, 296.07797;
 290.3764, 293.10104;
 222.80885, 314.33493;
 253.49704, 276.95255;
 309.41644, 287.29111;
 333.43265, 308.66156;
 280.29828, 276.14706;
 268.38773, 357.89944;
 285.33035, 288.173;
 268.91266, 279.33557;
 231.85764, 290.76181;
 320.28412, 306.04578;
 306.98508, 303.14972;
 265.01144, 292.71088;
 259.70816, 283.96402;
 214.10605, 300.25214;
 352.46396, 333.52295;
 354.84991, 319.56195;
 301.11624, 361.05963;
 294.77707, 356.60001;
 341.17279, 338.49164;
 360.06961, 329.62143;
 285.8768, 354.13651;
 273.7048, 346.78519;
 349.45212, 317.11371;
 299.74747, 302.80661;
 285.92252, 285.95139;
 259.45642, 301.91837;
 260.56784, 287.63409;
 242.10257, 288.17435;
 250.87077, 336.77368;
 311.8551, 300.92526;
 329.76602, 300.63541;
 217.97546, 292.46338;
 327.15213, 291.43478;
 333.03094, 291.13708;
 255.25313, 279.38455;
 288.65909, 262.80743;
 334.99664, 295.67883;
 272.55182, 274.01071;
 271.81943, 283.80783;
 267.40152, 280.50681;
 294.47473, 283.22214;
 276.20547, 276.09998;
 292.87448, 265.46451;
 337.00577, 341.02048;
 317.95206, 353.29169;
 284.56134, 351.48096;
 345.25101, 326.95987;
 359.1347, 326.18604;
 256.69696, 348.52295;
 282.32697, 284.36896;
 224.03156, 295.62329;
 256.979, 281.18137;
 345.1915, 307.23499;
 240.74075, 313.48248;
 205.27127, 293.13657;
 224.83318, 287.52762;
 317.60721, 291.14679;
 250.98825, 320.10312;
 280.46878, 270.18683;
 241.46277, 282.40759;
 315.10382, 293.47504;
 287.0611, 275.87213;
 226.03227, 287.51849;
 305.20624, 287.72369;
 326.13824, 294.82767;
 331.09982, 321.10342;
 349.09317, 316.60165;
 300.51987, 281.84692;
 237.29027, 300.45474;
 225.17207, 296.03958;
 241.28716, 280.55136;
 337.57654, 312.89032;
 314.29672, 290.2717;
 349.96869, 311.08331;
 307.51575, 281.42419;
 293.06558, 278.45395;
 301.68341, 283.62106;
 245.99541, 306.79135;
 343.08188, 323.36993;
 339.19464, 312.44592;
 348.68039, 327.98996;
 324.68124, 308.77206;
 339.64685, 308.07831;
 295.96671, 349.08368;
 348.81958, 336.25616;
 280.73499, 349.99979;
 300.31018, 358.14163;
 230.33792, 282.37003;
 337.79977, 300.26956;
 331.9339, 349.42545;
 288.19812, 332.77872;
 264.76697, 282.22385;
 215.0079, 294.74686;
 268.57687, 273.49472;
 347.20386, 336.79684;
 349.77286, 323.97467;
 351.46637, 319.23566;
 312.94229, 355.71274;
 316.14478, 295.7652;
 264.53067, 274.51431;
 230.79463, 285.9769;
 264.49304, 282.20807;
 253.0121, 275.93689;
 219.55452, 286.81863;
 298.40683, 272.79413;
 220.42537, 290.73251;
 222.76852, 281.52777;
 341.6109, 330.22122;
 277.5722, 277.75854;
 293.62436, 268.56934;
 328.0108, 292.6875;
 263.86478, 282.70587;
 356.155, 327.51941;
 319.30692, 309.35629;
 263.00558, 273.81943;
 325.69711, 286.37225;
 281.17975, 371.16068;
 291.11395, 260.53055;
 309.08423, 287.82001;
 308.52359, 287.93469;
 321.42059, 299.66412;
 294.33899, 285.2774;
 349.487, 315.20923;
 354.63989, 316.9433;
 279.44009, 283.17526;
 285.89395, 263.27097;
 271.08035, 267.28873;
 288.73962, 261.67972;
 291.19263, 274.55096;
 325.4064, 319.70328;
 288.05734, 290.69556;
 349.53329, 332.57874;
 306.14319, 276.57153;
 297.75717, 271.04199;
 341.26526, 305.34058;
 351.5105, 313.12906;
 326.6434, 303.1264;
 309.09235, 287.74155;
 313.9288, 283.97818;
 341.38272, 307.16599;
 295.92761, 335.22122;
 241.60745, 332.29016;
 341.98886, 321.90643;
 362.00781, 321.01089;
 205.31172, 295.18982;
 360.50885, 331.43091;
 320.71136, 290.08389;
 260.34421, 316.43106;
 246.55887, 322.48132;
 227.95543, 288.52866;
 266.72714, 326.73151;
 282.92612, 329.14297;
 232.27895, 276.40982;
 273.58884, 101.42412;
 210.81282, 292.2056;
 215.31882, 300.16763;
 237.06264, 285.4707;
 302.98148, 355.0112;
 240.36064, 288.73178;
 264.56851, 276.04794;
 270.18307, 284.47833;
 247.61256, 284.33762;
 267.83347, 289.15762;
 261.91614, 280.41022;
 254.03685, 284.41663;
 223.5412, 304.39832;
 217.34117, 296.35229;
 297.10187, 359.0524;
 284.51984, 365.39026;
 276.02487, 360.97052;
 273.83414, 360.19403;
 276.87189, 273.09952;
 284.26559, 279.11127;
 302.76883, 284.34686;
 287.40433, 272.12503;
 296.42969, 276.81805;
 276.72934, 275.01337;
 222.60049, 302.00034;
 266.82669, 273.51425;
 297.2562, 287.7858;
 289.36853, 280.67184;
 268.27429, 278.98077;
 281.92496, 274.24902;
 277.13809, 273.43176;
 301.11325, 281.21906;
 292.74319, 275.48007;
 284.56589, 276.99612;
 285.77338, 276.87466;
 270.88208, 282.03244;
 275.68317, 275.69296;
 294.02002, 282.64694;
 260.16864, 281.97498;
 321.89529, 298.91599;
 337.29663, 335.38858;
 349.88892, 335.8118;
 297.30252, 353.67886;
 335.86166, 315.6994;
 313.39346, 352.52411;
 271.89297, 348.35501;
 361.52502, 332.57553;
 278.47937, 351.70212;
 345.88098, 331.85159;
 221.0845, 290.26633;
 288.74207, 357.21252;
 331.5412, 306.46655;
 302.77591, 285.02878;
 303.50824, 354.19415;
 224.42682, 305.88843;
 342.27499, 312.70621;
 353.73035, 319.25726;
 364.94876, 327.39902;
 348.01572, 317.00357;
 260.27823, 331.5549;
 285.34732, 367.21121;
 287.10733, 263.82657;
 304.29449, 353.62552;
 290.58737, 352.18558;
 304.5448, 356.56741;
 341.55267, 318.55734;
 342.47476, 310.09576;
 339.2139, 327.12567;
 238.34364, 283.52835;
 276.49338, 272.68829;
 272.03958, 281.96414;
 315.38675, 288.39334;
 288.03421, 271.37424;
 337.14224, 338.76648;
 297.67822, 275.85596;
 323.20193, 294.76462;
 263.4071, 287.65073;
 302.99582, 273.65158;
 364.96555, 329.28873;
 359.4115, 324.65585;
 331.03271, 305.87482;
 286.72134, 275.4574;
 316.31305, 354.93396;
 360.09131, 330.04123;
 338.06052, 308.96759;
 351.1871, 332.74518;
 323.60516, 297.11606;
 314.95306, 286.68829;
 282.78894, 272.69824;
 337.75653, 296.89386;
 293.51782, 274.24832;
 352.85608, 325.93988;
 353.32962, 318.03525;
 340.78894, 315.98349;
 263.91132, 276.02484;
 351.78534, 324.64185;
 215.71449, 286.42358;
 280.29224, 269.44818;
 285.14139, 282.41647;
 281.55463, 272.04865;
 292.80927, 289.29755;
 303.49561, 293.51819;
 267.48193, 270.71027;
 285.23453, 264.26822;
 227.6373, 283.78687;
 349.89423, 315.58868;
 359.57291, 324.14093;
 327.72583, 303.43671;
 233.30363, 284.75906;
 286.57767, 270.54727;
 289.55783, 360.12848;
 308.5993, 289.93326;
 251.86075, 279.67688;
 211.63943, 304.93866;
 258.47842, 272.19357;
 278.00104, 269.80618;
 297.87943, 283.95605;
 296.95566, 276.30222;
 347.81708, 303.32883;
 232.61845, 323.86807;
 273.20953, 277.44717;
 257.65137, 278.79837;
 355.18451, 327.22885;
 220.03993, 293.08441;
 209.25114, 290.97897;
 213.36566, 293.18738;
 274.31555, 273.479;
 288.52136, 268.11081;
 347.91559, 335.78259;
 206.15807, 293.35257;
 257.71613, 278.4274;
 359.79041, 322.58173;
 350.16733, 339.189;
 341.24921, 338.70081;
 353.16937, 326.30173;
 346.88959, 317.68045;
 291.43155, 366.96573;
 333.64374, 312.8201;
 281.33313, 284.44504;
 338.73688, 349.26968;
 355.70197, 327.79099;
 276.84488, 271.5567;
 276.19702, 276.91238;
 290.80557, 265.14474;
 280.40286, 269.50528;
 209.06569, 291.38327;
 325.2627, 291.23471;
 341.57706, 309.00183;
 322.92224, 288.48962;
 350.00055, 318.08209;
 327.13046, 292.87735;
 286.55322, 280.23508;
 291.79187, 360.82239;
 295.21872, 273.35126;
 222.86467, 288.34839;
 225.54056, 285.23434;
 267.3541, 271.14178;
 208.93652, 291.34891;
 333.66647, 300.9975;
 349.86334, 335.29492;
 364.44839, 323.58859;
 295.62085, 278.25034;
 292.40784, 289.40271;
 347.60995, 315.36621;
 237.7711, 282.3609;
 362.06277, 338.65857;
 256.25586, 287.43549;
 297.18353, 291.64703;
 329.67569, 290.15848;
 329.7533, 306.28418;
 229.40161, 287.9852;
 215.67477, 292.04041;
 265.27094, 274.54474;
 274.32593, 276.32028;
 288.45261, 294.11588;
 270.67865, 274.39734;
 287.59192, 261.67303;
 317.56519, 301.93942;
 325.94626, 314.23523;
 304.25275, 293.25211;
 275.7471, 287.28314;
 362.18567, 336.03174;
 311.68198, 296.59229;
 253.57109, 275.82901;
 239.71126, 282.19495;
 240.51932, 296.31412;
 232.61594, 290.19141;
 290.34583, 354.32108;
 274.13901, 279.0564;
 253.39325, 278.85822;
 356.86938, 333.56833;
 358.04297, 326.02353;
 325.20377, 304.9754;
 334.02191, 293.65802;
 278.90189, 361.92239;
 294.0383, 298.19336;
 239.68372, 282.12787;
 224.40335, 302.20041;
 223.69341, 287.0813;
 287.89282, 272.06854;
 291.98795, 275.14304;
 299.06064, 282.00339;
 310.96628, 284.64786;
 341.82211, 308.76413;
 350.96405, 320.47067;
 353.51785, 330.22781;
 336.89041, 309.42172;
 322.98776, 306.5025;
 321.86789, 302.95413;
 363.37155, 325.33783;
 352.42892, 345.10449;
 287.21631, 356.82526;
 213.83723, 298.27612;
 207.70424, 292.72675;
 286.12067, 280.83368;
 345.77567, 319.68378;
 308.39053, 354.06293;
 328.39703, 308.0014;
 251.1104, 286.52881;
 228.19315, 288.7778;
 207.72475, 293.94321;
 321.53799, 334.42902;
 300.06424, 358.6394;
 291.01361, 361.32556;
 261.81024, 277.6329;
 260.21063, 281.02267;
 312.42349, 291.51862;
 340.46436, 315.71835;
 334.58865, 315.37439;
 207.99924, 295.98169;
 362.263, 337.42651;
 319.08719, 322.69702;
 329.47302, 308.33411;
 224.00479, 295.45557;
 217.46121, 297.38025;
 222.92728, 312.06586;
 220.43674, 300.57593;
 200.9843, 296.38269;
 278.29596, 270.32605;
 284.29779, 277.31882;
 308.6767, 293.44693;
 299.41904, 292.58395;
 335.03165, 297.09872;
 302.87283, 285.81299;
 303.90292, 281.79776;
 314.99127, 298.79163;
 315.57407, 300.96609;
 352.20538, 321.86646;
 318.98557, 324.87961;
 328.30161, 353.9689;
 280.42627, 269.26987;
 283.79349, 289.12894;
 303.7959, 296.5932;
 279.85977, 276.94019;
 265.69431, 281.09283;
 269.82977, 275.65405;
 286.58194, 283.30573;
 287.62, 280.90012;
 277.43604, 280.20322;
 266.2872, 279.5939;
 281.46664, 273.51474;
 301.41013, 301.62708;
 320.96393, 299.5386;
 210.49265, 296.53119;
 236.96986, 284.17517;
 317.18195, 301.51462;
 308.5119, 298.58786;
 294.80423, 278.04465;
 337.42328, 334.09531;
 349.09973, 334.85742;
 221.14311, 307.05099;
 276.5054, 271.8063;
 235.58112, 287.39355;
 286.6879, 272.36826;
 249.25288, 281.12213;
 282.108, 357.47888;
 362.32474, 329.72626;
 352.08539, 320.42807;
 354.64017, 323.92337;
 318.80966, 307.81827;
 331.65616, 304.34082;
 339.43301, 314.22409;
 285.68961, 275.74414;
 289.38583, 279.35278;
 329.26852, 340.30441;
 343.78568, 337.65042;
 351.67371, 318.86676;
 246.59674, 327.14566;
 260.50009, 328.33789;
 233.31839, 291.90628;
 234.6949, 325.84506;
 217.71417, 297.39862;
 256.42987, 337.07535;
 225.42522, 291.85403;
 223.96318, 294.57346;
 217.01122, 303.87067;
 269.60287, 361.26239;
 303.9451, 351.15759;
 247.36557, 285.04077;
 300.27725, 290.48779;
 275.18317, 277.21646;
 306.89752, 279.97586;
 348.44348, 318.94882;
 347.10846, 317.58527;
 344.18994, 330.11627;
 325.98199, 347.75052;
 365.83817, 330.3479;
 344.10684, 315.04507;
 344.29269, 322.30527;
 281.09262, 273.93576;
 271.93317, 274.34314;
 305.93387, 302.49216;
 286.82874, 305.20517;
 241.28264, 285.59055;
 241.29025, 287.29816;
 292.04761, 296.50327;
 281.46365, 272.36508;
 268.63983, 276.45807;
 297.38965, 284.39142;
 287.28406, 283.07867;
 281.07141, 275.36249;
 290.11545, 277.21051;
 239.09009, 288.18414;
 288.45062, 281.2569;
 281.08337, 274.56332;
 292.29791, 274.39609;
 270.92233, 273.82016;
 228.33267, 306.43793;
 283.39346, 265.40216;
 260.80444, 285.67709;
 297.23477, 300.57755;
 274.36649, 276.29355;
 336.20572, 339.19208;
 329.8092, 335.8222;
 308.83163, 350.26822;
 305.01108, 360.70178;
 252.50507, 286.26212;
 276.70496, 281.54312;
 268.32498, 278.40622;
 252.13277, 285.41586;
 223.03734, 310.08331;
 302.03052, 284.09579;
 231.77867, 316.16263;
 281.98105, 369.53598;
 314.086, 286.78867;
 304.75269, 284.04672;
 293.30914, 281.34457;
 317.29617, 306.72839;
 300.02448, 359.3884;
 317.15491, 351.51682;
 299.00702, 282.18497;
 307.36221, 288.32327;
 350.24808, 329.33713;
 269.66788, 278.59625;
 263.49454, 276.02328;
 319.88083, 297.68875;
 322.02951, 296.73441;
 310.86548, 288.44727;
 290.91519, 287.02402;
 318.88083, 295.0806;
 235.17157, 293.76529;
 316.86749, 294.4819;
 259.40521, 357.35461;
 241.38414, 292.69666;
 260.51468, 281.0882;
 289.82486, 289.43622;
 283.39743, 302.4418;
 276.10388, 275.1998;
 276.35721, 273.41379;
 305.16324, 287.68042;
 331.00693, 307.21225;
 287.39008, 273.37125;
 284.60696, 273.39471;
 297.26086, 274.20563;
 353.31842, 321.12579;
 318.20898, 308.78204;
 349.25909, 327.97617;
 324.08859, 296.23093;
 317.48892, 308.12277;
 257.48962, 345.0582;
 240.4884, 324.37054;
 257.05582, 348.58875;
 260.11377, 289.13782;
 299.13342, 304.01816;
 328.49896, 295.52631;
 287.07071, 296.62347;
 363.4617, 326.25171;
 281.96194, 272.75446;
 278.58395, 278.61185;
 224.63644, 310.5347;
 317.43259, 311.95465;
 331.64966, 301.61874;
 268.31903, 277.88599;
 249.82968, 287.8938;
 247.51401, 292.4538;
 210.3513, 294.07004;
 275.30042, 365.78223;
 272.78131, 338.22998;
 266.33472, 352.63007;
 277.24512, 360.96597;
 276.70416, 371.58078;
 276.573, 293.76709;
 267.8335, 285.73727;
 267.19434, 359.83054;
 315.09171, 351.27554;
 275.37643, 289.5968;
 312.49503, 310.47537;
 304.13458, 341.95908;
 240.87315, 286.08569;
 350.45139, 331.3038;
 276.39316, 285.05029;
 257.73187, 278.6395;
 278.54453, 277.44379;
 282.15707, 271.77774;
 274.4874, 273.71698;
 235.67436, 285.55197;
 312.81491, 293.10294;
 285.36349, 287.34406;
 284.97607, 276.38522;
 311.5733, 296.25519;
 342.23306, 313.78278;
 250.18083, 292.42764;
 268.61328, 298.05743;
 320.23456, 304.59918;
 265.93158, 283.70154;
 267.22885, 279.95419;
 233.64182, 295.44287;
 229.39076, 287.76099;
 337.1528, 336.49179;
 293.75626, 280.11786;
 348.51059, 329.92923;
 330.80951, 303.48956;
 353.28534, 329.07291;
 342.17377, 320.43094;
 334.08914, 313.47906;
 327.16052, 353.26678;
 359.94876, 339.61157;
 342.22156, 308.97607;
 355.81784, 318.38055;
 328.90146, 310.51038;
 301.47009, 286.5701;
 336.64694, 309.88324;
 348.14517, 316.21255;
 300.62512, 290.80154;
 299.39215, 281.93069;
 290.39017, 276.87952;
 363.85165, 324.25391;
 215.37645, 296.88995;
 277.68277, 270.61246;
 347.72989, 334.12592;
 274.75992, 271.3902;
 308.99817, 286.44925;
 269.15039, 275.76456;
 280.68839, 271.97415;
 323.42963, 305.9176;
 322.51535, 304.41293;
 322.06448, 295.37119;
 332.53784, 291.05539;
 227.94881, 283.6976;
 264.83398, 344.25549;
 285.25812, 363.68469;
 325.07611, 346.07782;
 238.2357, 324.00446;
 272.17902, 281.01437;
 288.01053, 280.20657;
 251.34785, 277.92838;
 282.3381, 266.68304;
 333.57294, 295.00977;
 299.59296, 359.95178;
 241.26761, 279.46579;
 245.64894, 278.06302;
 275.46222, 282.44241;
 277.19611, 278.43893;
 281.56485, 267.56177;
 286.73242, 280.71716;
 266.09186, 271.74274;
 351.36499, 320.65729;
 344.82874, 318.51614;
 327.68674, 300.7536;
 270.53128, 272.21991;
 288.75537, 266.83649;
 351.82471, 317.12451;
 292.75568, 276.73956;
 327.79498, 293.61026;
 309.8718, 281.41653;
 324.6853, 287.49747;
 322.66223, 289.95749;
 219.93626, 287.20126;
 222.10501, 297.79813;
 295.11725, 286.84229;
 300.92313, 279.63776;
 314.85837, 293.35861;
 328.9599, 290.87335;
 240.40311, 286.2052;
 226.53966, 287.37161;
 354.3793, 333.98761;
 245.85178, 286.60803;
 289.30075, 358.37982;
 255.94417, 273.44626;
 352.45221, 316.80682;
 363.19769, 328.89661;
 209.96878, 290.32953;
 324.56525, 287.03815;
 351.40237, 333.20889;
 354.60184, 328.33389;
 340.27478, 313.21304;
 286.92084, 272.37259;
 345.72855, 306.32922;
 340.83258, 324.13306;
 289.27481, 276.72806;
 343.90057, 306.67316;
 321.06351, 299.51596;
 358.77292, 331.21301;
 297.6012, 353.00867;
 263.9259, 284.08698;
 269.79523, 274.73209;
 346.62073, 316.38962;
 266.08026, 279.23715;
 315.96497, 284.04544;
 211.96864, 294.21808;
 233.94539, 283.99881;
 329.24399, 363.05148;
 361.04065, 329.17807;
 256.53674, 279.15298;
 268.46664, 271.77499;
 362.1051, 319.15091;
 263.11496, 273.5173;
 291.16119, 277.2016;
 266.53833, 277.00555;
 284.03931, 364.52795;
 373.05835, 342.13513;
 219.54451, 291.15649;
 271.90894, 273.03271;
 338.25598, 306.09473;
 309.6037, 288.24365;
 326.11847, 293.39197;
 279.39618, 363.577;
 265.64102, 274.0274;
 329.51096, 344.27988;
 341.46677, 308.74918;
 324.13242, 286.61258;
 327.19199, 291.95612;
 267.89792, 270.80072;
 208.62721, 297.21896;
 264.83795, 274.58426;
 231.24377, 285.85172;
 283.39188, 276.15527;
 293.20065, 280.64609;
 309.17267, 286.08942;
 284.76804, 264.44049;
 324.8045, 291.50674;
 349.517, 334.58786;
 363.02588, 326.82358;
 358.74539, 324.04385;
 363.61469, 324.24377;
 317.54514, 288.96854;
 325.02756, 312.76324;
 333.84613, 293.5365;
 336.07803, 297.18448;
 236.33821, 284.40558;
 271.96414, 273.13025;
 273.58392, 279.38165;
 356.76523, 329.90277;
 287.7099, 358.42606;
 236.55524, 284.46545;
 224.70131, 301.96912;
 221.69299, 312.70892;
 229.4818, 287.37875;
 284.58157, 279.80756;
 301.32364, 279.62012;
 293.5939, 273.37338;
 326.03693, 303.10138;
 256.05353, 274.19156;
 348.24152, 315.49622;
 334.70337, 340.68753;
 237.17113, 283.75333;
 239.37076, 316.91782;
 239.85724, 296.67508;
 256.80844, 310.08438;
 264.29831, 277.98596;
 230.37206, 291.69363;
 218.87518, 293.8075;
 250.29141, 330.66333;
 211.65973, 295.11835;
 301.53677, 356.3844;
 285.62628, 336.24686;
 309.71216, 300.94928;
 283.80499, 272.02676;
 285.79886, 279.95853;
 309.46454, 284.74985;
 314.61673, 296.90424;
 351.07761, 309.82053;
 355.89841, 315.46561;
 228.07687, 307.40424;
 217.30939, 302.95483;
 364.41226, 330.37878;
 211.02104, 290.88733;
 332.11304, 346.87836;
 294.05817, 274.00961;
 307.3465, 283.42368;
 237.43193, 283.39978;
 232.44878, 305.29892;
 247.16161, 325.82565;
 254.57578, 335.42014;
 231.1701, 309.38107;
 244.71974, 278.15656;
 298.60248, 295.66418;
 320.58615, 302.50842;
 282.74924, 278.20453;
 265.92194, 291.94897;
 267.24237, 278.89014;
 294.6243, 285.61328;
 338.66296, 306.99438;
 262.65402, 274.44687;
 305.56967, 289.92322;
 321.32724, 307.50925;
 318.19516, 348.68982;
 343.77618, 326.63376;
 305.57227, 291.51834;
 272.04416, 269.69083;
 297.97375, 275.96512;
 237.49773, 283.62656;
 275.44562, 275.06592;
 330.19611, 308.00323;
 244.51576, 287.08627;
 302.94467, 285.53479;
 306.58255, 292.58807;
 290.32108, 277.69455;
 340.69702, 315.66364;
 338.73724, 310.46927;
 325.81137, 348.38345;
 358.7439, 330.0845;
 356.96835, 328.97217;
 333.51724, 306.75421;
 328.16614, 298.02402;
 239.69958, 280.36618;
 231.66533, 288.36508;
 239.51108, 327.53012;
 246.77594, 337.03085;
 229.59122, 320.76877;
 244.82886, 331.13205;
 213.6725, 294.21765;
 310.79865, 293.51566;
 299.81827, 290.70004;
 291.9957, 283.15384;
 356.63943, 311.40625;
 359.07977, 315.30981;
 340.3873, 311.14401;
 343.61429, 325.75943;
 263.24249, 282.36786;
 224.51144, 285.94397;
 268.45532, 353.4071;
 343.76849, 337.29535;
 219.2133, 299.16415;
 319.76349, 301.32379;
 347.53741, 336.11484;
 352.00162, 326.65329;
 210.27466, 292.29175;
 225.7393, 309.57239;
 218.68854, 302.70761;
 217.36322, 297.94879;
 202.24001, 294.09442;
 314.73062, 286.06226;
 335.26788, 297.45337;
 311.15665, 291.45471;
 353.84476, 318.25012;
 351.11548, 333.20071;
 230.88965, 294.26132;
 233.29128, 297.50961;
 305.46655, 284.11627;
 332.90814, 302.63754;
 296.33841, 276.78384;
 363.39392, 331.80341;
 364.61026, 326.96985;
 344.13379, 330.64499;
 311.63699, 352.58234;
 342.46509, 311.04501;
 224.7981, 304.32544;
 278.45123, 269.99936;
 314.93478, 289.83514;
 351.25436, 332.54041;
 335.06128, 340.98398;
 355.29904, 322.85428;
 283.31735, 266.55075;
 324.67996, 291.77365;
 282.35339, 278.85291;
 365.65781, 321.19113;
 335.95181, 313.49225;
 305.75629, 281.57153;
 282.22745, 356.28848;
 316.23312, 354.92249;
 265.8244, 273.99033;
 225.52306, 290.5845;
 226.4052, 285.10895;
 361.87177, 317.49329;
 277.96799, 362.66586;
 272.39676, 364.00259;
 296.02841, 358.02036;
 236.33026, 284.96823;
 271.30142, 347.28461;
 322.21283, 296.80917;
 307.25067, 291.35141;
 337.65811, 332.45078;
 348.92862, 316.82254;
 315.17706, 279.77393;
 332.41678, 348.15515;
 290.45096, 296.49496;
 363.18655, 320.26035;
 370.2341, 323.09174;
 227.73314, 290.15851;
 243.89919, 283.79956;
 235.83469, 291.92624;
 297.34607, 298.50198;
 234.55058, 281.02823;
 338.87515, 322.96259;
 267.13257, 274.63049;
 274.45193, 278.20673;
 282.60101, 272.35626;
 287.60657, 363.01389;
 285.25793, 363.77319;
 261.17688, 354.7897;
 312.03165, 311.15652;
 269.48602, 352.15936;
 266.33057, 273.55695;
 225.31842, 302.14999;
 236.90401, 297.48901;
 259.47885, 346.68506;
 314.1048, 288.41516;
 326.03159, 305.49847;
 286.53412, 275.29568;
 304.77576, 297.55786;
 302.87503, 354.75024;
 350.3121, 331.62271;
 353.37549, 334.15796;
 332.39636, 330.14325;
 334.55362, 333.88898;
 345.91766, 324.81097;
 341.54086, 336.72739;
 371.9245, 326.03067;
 226.12868, 292.0686;
 342.46335, 322.56982;
 352.9288, 333.67615;
 222.82346, 297.26312;
 347.78525, 337.05826;
 257.99976, 288.02405;
 364.2128, 324.37442;
 288.81183, 270.32385;
 264.36807, 277.57031;
 318.31091, 306.80307;
 290.25125, 278.48236;
 285.94629, 273.72385;
 272.74567, 278.35461;
 279.12912, 271.2926;
 264.29367, 275.26324;
 216.89252, 295.24426;
 226.52213, 301.16144;
 275.95892, 352.30334;
 275.32126, 356.15808;
 266.97321, 358.38696;
 268.95221, 353.93762;
 280.48386, 366.33362;
 318.12292, 309.39673;
 320.22665, 303.18448;
 302.47662, 288.31256;
 296.0831, 280.27689;
 282.48401, 282.00476;
 284.05939, 265.03482;
 239.99158, 292.38135;
 304.13614, 283.15536;
 340.62256, 318.70068;
 326.15405, 324.6394;
 306.69931, 276.56879;
 367.03174, 320.97437;
 297.75928, 285.49359;
 279.53958, 278.04407;
 269.28186, 276.85699;
 287.50726, 284.29468;
 276.38858, 283.77744;
 347.87939, 339.9736;
 361.05408, 322.9613;
 349.63126, 327.79584;
 340.28009, 344.88275;
 364.09799, 328.70517;
 355.40472, 338.23071;
 288.76074, 272.39539;
 283.52158, 278.57938;
 317.68723, 350.38895;
 275.29196, 275.41983;
 268.00531, 271.05658;
 230.60399, 311.2941;
 224.91258, 296.51245;
 232.76846, 290.08673;
 290.02988, 289.26553;
 279.69223, 287.64651;
 336.6879, 339.34113;
 345.11914, 329.08752;
 290.04572, 353.21326;
 302.38672, 354.01279;
 248.09135, 284.50259;
 331.54636, 335.93982;
 264.86835, 344.36969;
 311.77454, 352.38953;
 330.17572, 335.08215;
 329.07794, 343.2883;
 289.08368, 357.89404;
 345.30829, 331.68018;
 337.0914, 341.42471;
 233.72459, 307.73068;
 304.89001, 286.1745;
 345.73492, 323.29074;
 326.86292, 304.383;
 267.08258, 272.30347;
 317.54233, 353.72977;
 334.86398, 314.97415;
 287.83386, 361.60327;
 334.12552, 339.27695;
 332.70001, 329.56693;
 359.46698, 341.19977;
 252.28619, 321.57257;
 264.83875, 351.47992;
 297.80237, 350.63177;
 239.42699, 317.79742;
 261.99731, 277.68066;
 294.82077, 291.82297;
 277.37436, 349.14758;
 273.2189, 344.18185;
 323.33752, 308.05777;
 229.3855, 295.55771;
 280.60043, 340.94751;
 236.28891, 287.63852;
 305.43594, 347.68326;
 277.10043, 351.97479;
 295.20453, 343.32242;
 360.7699, 329.59589;
 315.0643, 341.96085;
 239.97322, 317.53656;
 366.8187, 317.94357;
 293.85638, 337.6098;
 366.01242, 320.89444;
 246.33371, 288.87186;
 265.29782, 347.09912;
 281.87088, 266.72977;
 284.12939, 280.31229;
 238.65689, 282.99829;
 328.09253, 317.20255;
 343.33896, 309.67599;
 320.85931, 302.28784;
 317.31119, 297.23474;
 339.00677, 325.5947;
 353.30621, 318.90573;
 365.23782, 325.27319;
 293.21747, 343.14618;
 274.35464, 344.71432;
 355.42999, 319.48074;
 262.33286, 279.43726;
 358.01611, 326.80609;
 306.72629, 295.15814;
 354.49304, 325.27554;
 338.62726, 306.89246;
 366.62857, 322.82745;
 245.20204, 303.99789;
 249.01801, 283.71326;
 276.95886, 283.07428;
 255.92722, 286.11465;
 266.21844, 273.46176;
 271.09009, 283.59781;
 255.52591, 275.82758;
 353.75613, 323.78049;
 360.75943, 321.72705;
 354.0134, 316.48257;
 283.62125, 263.1044;
 335.76666, 313.46518;
 255.95868, 277.31763;
 364.96271, 312.81784;
 336.25882, 300.23563;
 342.75717, 311.53647;
 363.55685, 333.41599;
 348.74457, 315.04379;
 311.26147, 291.27145;
 305.82129, 345.70837;
 270.99326, 285.17841;
 293.3671, 273.84299;
 287.65375, 271.36624;
 294.59793, 278.14282;
 320.4184, 298.66791;
 366.31909, 323.80045;
 260.16992, 304.07669;
 341.94006, 309.6012;
 303.52994, 284.12918;
 334.00772, 299.19974;
 226.17419, 300.82779;
 316.4079, 315.6051;
 312.15048, 329.46768;
 343.48502, 331.11249;
 346.86545, 321.63632;
 334.4848, 339.83597;
 354.61856, 318.84042;
 315.1879, 341.64145;
 310.95309, 350.20639;
 366.33643, 326.24036;
 280.54626, 375.50171;
 313.21375, 349.77661;
 317.60165, 310.73502;
 323.79269, 293.39853;
 290.70779, 288.09683;
 315.96005, 289.12674;
 370.40381, 322.98883;
 254.14558, 336.22183;
 230.29579, 294.65454;
 304.0127, 314.49652;
 220.95302, 291.99948;
 231.97447, 290.53958;
 336.29956, 327.7659;
 348.71744, 335.51074;
 345.77994, 334.50461;
 304.48065, 331.16425;
 331.57184, 334.75562;
 354.45459, 333.04529;
 332.4111, 303.28802;
 279.53006, 333.9697;
 290.66312, 332.07147;
 265.17233, 350.99774;
 324.36041, 307.25864;
 333.07715, 305.98059;
 251.40131, 279.24344;
 278.53055, 270.14987;
 331.80313, 304.47531;
 311.83841, 298.40848;
 321.89029, 301.32553;
 268.20007, 340.32108;
 334.32434, 313.65179;
 343.65567, 315.45178;
 300.25024, 275.67093;
 363.54327, 323.935;
 301.21652, 301.87949;
 217.02805, 300.76205;
 282.71658, 366.11646;
 240.0787, 316.64914;
 241.10347, 302.02206;
 266.84833, 279.3714;
 283.33078, 271.14972;
 346.60449, 334.94122;
 314.65234, 301.17487;
 299.8949, 282.76782;
 247.89577, 320.75183;
 293.3244, 275.11819;
 216.8905, 291.97885;
 213.29193, 306.41772;
 309.44424, 286.24017;
 314.47226, 296.90152;
 292.28189, 288.32507;
 238.08479, 283.40942;
 271.25867, 356.59125;
 265.7901, 356.70694;
 322.54346, 344.26205;
 336.62491, 338.60663;
 291.69257, 341.54752;
 275.31586, 342.10553;
 289.5014, 350.1879;
 368.04559, 327.76157;
 281.20074, 273.93546;
 268.1485, 269.92032;
 274.33298, 278.36072;
 252.93428, 275.85913;
 240.13666, 279.49084;
 333.20618, 289.94049;
 287.47897, 261.51071;
 360.59653, 324.58234;
 345.55664, 332.08984;
 229.3913, 304.40356;
 294.31964, 275.3656;
 366.4227, 326.64163;
 323.91891, 304.48541;
 234.272, 283.98749;
 335.65619, 291.48584;
 205.00783, 293.97925;
 225.95171, 284.82245;
 326.11865, 290.59976;
 266.05853, 273.65726;
 236.22655, 284.68777;
 251.27354, 279.32986;
 281.39395, 285.9653;
 272.98465, 280.1062;
 259.01361, 284.95688;
 246.50206, 285.67764;
 221.44756, 304.17126;
 246.7289, 304.52078;
 320.08191, 325.84125;
 328.51233, 332.35782;
 298.03149, 349.7905;
 281.59543, 356.12561;
 329.56958, 344.22055;
 367.27484, 318.58603;
 297.92245, 288.07785;
 257.79895, 341.36224;
 254.8914, 326.93063;
 238.25182, 291.60098;
 238.39813, 310.49042;
 226.61409, 291.34274;
 291.44397, 275.68289;
 260.03177, 276.34805;
 206.06854, 292.86105;
 289.07568, 266.76288;
 283.16797, 299.56729;
 263.57541, 275.58243;
 276.38278, 320.15396;
 272.04279, 277.46625;
 244.69019, 289.97052;
 262.03836, 279.74637;
 241.68369, 283.07147;
 268.80063, 326.15778;
 351.05261, 332.77863;
 349.45261, 313.82819;
 250.65266, 288.47446;
 334.39377, 311.74747;
 303.12067, 278.08002;
 243.61273, 283.2692;
 272.24316, 272.79565;
 212.11446, 295.22638;
 218.10521, 289.98431;
 239.43588, 282.2691;
 283.88525, 277.87039;
 347.14288, 304.59753;
 232.3394, 293.61371;
 348.23746, 324.70786;
 330.2756, 335.11603;
 291.18164, 351.38184;
 306.37952, 347.9437;
 240.80922, 305.4902;
 211.83908, 302.88992;
 232.40086, 302.22202;
 256.51172, 275.09808;
 320.00824, 298.85492;
 223.12274, 287.1582;
 303.27527, 315.25403;
 330.22379, 304.52292;
 341.40698, 322.42676;
 341.78845, 316.96588;
 348.60916, 330.98938;
 354.89911, 316.50906;
 260.41776, 281.23383;
 310.97458, 299.60712;
 344.64392, 335.22617;
 281.68054, 285.96417;
 214.51479, 288.6431;
 257.1188, 272.99234;
 237.88803, 283.56207;
 349.7955, 334.83929;
 361.43304, 328.79367;
 293.73712, 273.21375;
 286.05124, 269.51901;
 271.49496, 273.51208;
 342.9252, 308.18759;
 356.72931, 335.93887;
 348.21298, 315.36047;
 300.47626, 280.47073;
 225.24129, 287.18738;
 338.08948, 307.34674;
 308.52036, 286.27267;
 343.67096, 339.3161;
 351.12131, 321.6593;
 345.85849, 324.21506;
 359.59613, 325.83719;
 341.92596, 336.97342;
 237.89433, 284.23773;
 353.81366, 314.7236;
 306.55344, 361.68753;
 332.34897, 290.34332;
 286.75778, 270.6886;
 301.18604, 268.33807;
 265.95398, 273.76657;
 231.38896, 289.26755;
 314.68509, 322.07324;
 255.98962, 289.54507;
 283.55087, 273.82697;
 255.90514, 280.26254;
 339.01752, 324.91754;
 342.81445, 315.79785;
 343.52432, 320.31879;
 260.99109, 291.48169;
 265.98578, 303.85178;
 326.93808, 301.29651;
 253.35608, 277.37381;
 324.5549, 288.3595;
 262.09695, 277.47971;
 321.2597, 288.57324;
 266.98657, 272.80118;
 324.86429, 305.16046;
 348.08118, 315.79919;
 275.03339, 275.31738;
 312.15616, 289.51855;
 334.66083, 297.69064;
 217.20097, 287.14661;
 296.85834, 301.46771;
 332.57709, 315.85831;
 329.77756, 294.53766;
 272.32791, 270.44821;
 302.53348, 278.19769;
 339.63675, 309.466;
 258.67093, 273.03146;
 265.91925, 273.8533;
 333.66785, 313.09036;
 343.20856, 322.60129;
 318.02521, 313.20966;
 292.56577, 264.80841;
 209.67343, 295.71039;
 300.76022, 280.11395;
 357.07455, 329.09644;
 299.66705, 352.14038;
 333.90118, 315.11044;
 321.92786, 298.9071;
 283.0571, 272.25287;
 211.90518, 292.8302;
 274.7449, 269.05688;
 321.08347, 305.25983;
 251.37411, 280.87393;
 307.68692, 311.53226;
 315.96207, 341.83759;
 307.10083, 289.11542;
 297.6561, 355.9696;
 264.25391, 271.56143;
 325.76373, 293.45276;
 306.36655, 288.74258;
 218.6333, 287.52844;
 338.8465, 346.61786;
 328.57364, 294.21964;
 310.08417, 296.58084;
 288.94199, 267.48715;
 327.8653, 302.18951;
 300.60046, 288.8363;
 303.98285, 290.38406;
 328.66574, 291.15533;
 343.74353, 303.85236;
 341.38019, 327.4483;
 257.61115, 255.49883;
 294.755, 256.35345;
 305.84085, 276.40536;
 282.29727, 280.1412;
 221.6458, 288.99149;
 287.06326, 262.00146;
 292.43542, 275.06836;
 274.40927, 300.80664;
 359.01804, 322.11542;
 323.88306, 286.97974;
 339.05423, 306.79901;
 266.06503, 270.90106;
 324.48459, 304.27606;
 253.26135, 270.45724;
 257.24841, 272.57281;
 306.28305, 289.31638;
 205.60719, 294.5972;
 284.9494, 366.75146;
 329.74466, 332.561;
 347.79877, 316.27908;
 224.88318, 285.11987;
 279.23563, 273.72955;
 277.66071, 270.29993;
 319.90182, 290.79657;
 263.89172, 275.00778;
 274.10846, 276.08258;
 357.33783, 326.63513;
 321.06226, 311.10443;
 269.66318, 277.64496;
 282.26157, 273.64813;
 271.04758, 267.11832;
 339.52133, 311.4209;
 294.93845, 282.10062;
 277.05972, 279.40552;
 284.5311, 282.81403;
 303.69345, 352.09741;
 271.55725, 273.12149;
 255.57382, 268.20746;
 294.73508, 286.67084;
 310.33109, 359.55316;
 282.28513, 266.93295;
 355.22925, 333.00977;
 298.31906, 275.04184;
 354.35626, 323.21274;
 224.37686, 287.60086;
 285.68112, 362.72702;
 309.3399, 352.30634;
 305.53455, 285.08032;
 349.58084, 335.14975;
 310.55341, 296.20844;
 322.02588, 296.86148;
 288.91547, 270.32471;
 370.67062, 306.66516;
 335.7821, 301.4071;
 342.44525, 332.61963;
 287.74893, 349.32324;
 236.95898, 283.79538;
 294.96786, 277.14899;
 263.95761, 283.63196;
 263.09439, 275.70892;
 250.07864, 279.81815;
 334.53787, 341.98193;
 346.216, 331.15765;
 298.18945, 280.86325;
 303.58588, 281.3364;
 227.43033, 289.16348;
 214.21376, 292.74088;
 364.1312, 326.57639;
 287.74966, 359.46793;
 269.96924, 348.341;
 324.39545, 326.87296;
 291.54959, 346.31085;
 339.72845, 312.10547;
 242.11809, 289.53986;
 226.35759, 297.67093;
 217.54033, 294.81491;
 283.7919, 269.92307;
 224.53873, 301.92224;
 283.84116, 282.77878;
 305.73962, 289.96924;
 347.61121, 316.12738;
 207.16924, 294.12817;
 331.07706, 333.43127;
 307.69604, 279.5762;
 307.46036, 306.61362;
 302.34409, 283.85477;
 297.35675, 284.62308;
 281.30606, 275.28528;
 278.20673, 276.5582;
 276.64276, 362.24597;
 258.51736, 340.83447;
 340.21078, 302.54721;
 305.59924, 288.25543;
 317.8533, 291.63815;
 321.59338, 308.31796;
 306.68301, 288.82571;
 268.68683, 270.06213;
 321.65112, 301.87802;
 235.96751, 299.90924;
 238.70445, 317.58481;
 248.44107, 299.70782;
 287.51556, 356.21863;
 237.73271, 297.02917;
 332.17548, 305.57278;
 282.26602, 293.10928;
 296.08398, 289.85367;
 337.05084, 309.57431;
 357.66937, 324.73795;
 271.5014, 273.22073;
 339.47012, 303.38522;
 255.08881, 280.11725;
 243.30289, 283.11191;
 261.80676, 340.68121;
 335.99677, 290.99036;
 266.5528, 271.60184;
 255.02473, 273.79312;
 206.77776, 292.22067;
 234.81871, 283.92087;
 219.92216, 288.86969;
 323.67804, 293.08374;
 223.84346, 288.45621;
 266.34186, 267.32013;
 331.93341, 291.72733;
 282.60519, 299.67999;
 265.98404, 342.23465;
 302.7233, 286.89743;
 273.71561, 354.78452;
 313.46967, 291.04877;
 323.46313, 297.60834;
 232.10794, 290.13586;
 272.97949, 276.18619;
 282.96091, 350.08383;
 324.17853, 308.76053;
 303.7421, 295.98325;
 311.41278, 349.26535;
 263.37952, 282.87445;
 287.07349, 280.29776;
 355.88345, 334.44107;
 351.76346, 326.98788;
 289.1683, 290.50555;
 353.65347, 316.82639;
 301.46487, 288.49783;
 322.06512, 294.14865;
 299.5296, 266.81067;
 342.24042, 313.50043;
 364.4512, 326.10394;
 286.68713, 273.71085;
 339.34891, 366.22958;
 295.04041, 276.01425;
 319.23508, 347.42905;
 257.14252, 332.72369;
 308.46387, 297.02509;
 299.75287, 294.41342;
 344.75076, 336.47641;
 332.47531, 345.83316;
 354.1683, 321.37192;
 297.59299, 352.65479;
 332.94629, 301.56982;
 296.40298, 275.9332;
 307.57297, 305.89435;
 339.9772, 317.09488;
 278.25131, 272.22098;
 294.71909, 280.50665;
 313.41541, 292.08853;
 313.22263, 289.80676;
 342.77151, 311.04684;
 353.83667, 318.8847;
 239.40578, 281.64975;
 253.06133, 277.27493;
 224.90025, 302.00476;
 230.79541, 293.84277;
 278.84781, 285.19785;
 289.45584, 270.89651;
 293.20892, 368.52573;
 365.98706, 327.10477;
 365.11493, 327.12592;
 360.46988, 321.23224;
 346.56201, 326.73325;
 315.67349, 348.10663;
 311.55664, 289.06644;
 303.64737, 285.43274;
 332.53833, 300.13968;
 288.22839, 272.48178;
 305.0899, 281.39441;
 349.48715, 315.09875;
 238.18237, 308.36215;
 319.7168, 313.09106;
 268.26791, 354.047;
 274.82962, 275.03769;
 350.00113, 330.88962;
 354.77579, 320.96164;
 357.96234, 332.07666;
 289.27203, 345.5611;
 303.81644, 339.9473;
 309.35995, 355.26047;
 355.14981, 324.87808;
 359.73557, 325.7543;
 348.56189, 357.75345;
 291.4881, 265.91077;
 235.92418, 298.21799;
 319.86069, 346.61285;
 234.74924, 287.95328;
 279.70596, 269.11389;
 321.22803, 301.50931;
 344.9808, 320.3631;
 358.63895, 322.50931;
 271.7644, 277.99252;
 335.72696, 339.09293;
 311.32639, 349.33698;
 277.48904, 365.28552;
 292.23703, 362.78714;
 247.40857, 325.83771;
 220.96295, 292.3949;
 279.62787, 348.035;
 337.04889, 333.08124;
 255.68724, 343.12021;
 265.19775, 352.84341;
 267.85458, 351.5885;
 299.50406, 294.07669;
 275.31628, 365.05832;
 326.47141, 317.84909;
 210.51483, 292.02109;
 351.90826, 315.3645;
 236.37906, 284.45868;
 263.55093, 275.46472;
 260.33438, 280.78824;
 328.67993, 311.65787;
 348.18777, 319.32642;
 332.48618, 344.14645;
 331.98645, 323.25638;
 335.54901, 322.96689;
 332.90573, 317.72345;
 269.48343, 343.21472;
 273.15692, 341.51151;
 310.72235, 344.95859;
 311.15012, 346.45868;
 317.73285, 296.38153;
 236.76115, 292.27118;
 222.35822, 296.75702;
 364.29736, 333.16528;
 368.79962, 324.90329;
 219.43234, 302.05695;
 258.25842, 344.18869;
 320.74945, 345.81833;
 215.26573, 299.63992;
 213.85338, 294.22119;
 216.97528, 286.87277;
 208.19002, 289.81238;
 249.81419, 280.18774;
 231.4106, 309.82092;
 310.43353, 291.11017;
 321.98166, 295.82208;
 312.49869, 296.91891;
 334.01077, 300.89832;
 352.43033, 326.22421;
 284.13062, 359.85587;
 322.77179, 331.74625;
 322.16864, 344.21783;
 322.71271, 337.32446;
 327.17911, 318.10263;
 331.1619, 319.26703;
 288.5802, 350.13989;
 281.80447, 352.60727;
 324.42365, 342.37131;
 323.57703, 314.19302;
 201.35222, 290.51465;
 292.88986, 359.02283;
 223.20985, 308.79034;
 238.59616, 328.59674;
 339.74646, 338.36816;
 355.51584, 331.32523;
 303.26245, 295.02698;
 372.85358, 324.26923;
 361.73694, 324.79984;
 231.87033, 312.30969;
 304.9704, 332.64828;
 227.32806, 308.8685;
 226.53841, 284.83484;
 218.70476, 289.39255;
 232.86859, 289.83691;
 348.82379, 334.53369;
 329.45374, 343.07404;
 284.22552, 353.40143;
 320.03815, 298.05869;
 232.64061, 285.04495;
 297.51294, 350.73935;
 291.6785, 364.58517;
 332.10159, 306.98938;
 342.74371, 309.30688;
 326.75424, 304.74625;
 217.81648, 287.4072;
 326.92496, 320.24182;
 336.69421, 325.28381;
 334.58478, 341.55627;
 332.2319, 323.16302;
 240.83762, 323.94711;
 242.42133, 318.50806;
 221.44571, 297.98801;
 339.44864, 318.48178;
 317.11948, 329.3829;
 255.61209, 281.17975;
 304.98898, 304.89096;
 347.50439, 320.98376;
 286.789, 271.99338;
 370.23599, 322.34674;
 276.36667, 341.82178;
 284.29303, 345.26907;
 256.21167, 338.38028;
 309.47806, 356.83334;
 310.38998, 362.81091;
 250.66516, 288.29977;
 321.48163, 345.14557;
 310.37167, 291.2742;
 305.05984, 283.6524;
 303.68085, 287.19342;
 333.0596, 301.30267;
 311.34409, 294.25732;
 320.23999, 343.12393;
 339.34528, 327.06119;
 336.21835, 334.22604;
 340.72629, 321.37033;
 352.28412, 328.15839;
 352.05316, 325.23279;
 345.22565, 329.28864;
 265.04547, 334.10315;
 313.13544, 346.11771;
 318.73764, 328.93527;
 310.74789, 350.57932;
 286.54437, 362.41025;
 329.64987, 352.10193;
 323.07257, 296.0322;
 323.41086, 338.22028;
 355.03073, 331.94574;
 264.35577, 342.03714;
 366.76056, 328.86444;
 336.52277, 313.44922;
 293.0979, 326.28308;
 322.84872, 313.43549;
 266.69183, 300.94299;
 320.62695, 320.56311;
 308.63269, 320.22165;
 245.369, 331.44641;
 251.40073, 333.03915;
 304.78824, 297.43805;
 282.63312, 292.62381;
 276.29083, 282.83151;
 273.50888, 286.56808;
 314.43445, 305.7316;
 312.0787, 287.43924;
 273.15051, 277.08054;
 321.36465, 345.25903;
 242.80786, 325.36182;
 221.58438, 306.5618;
 239.3961, 282.34506;
 245.69408, 308.58298;
 249.35365, 283.25171;
 284.75134, 301.11325;
 313.14807, 293.99551;
 296.99802, 277.75156;
 310.00211, 301.02805;
 324.4765, 328.16873;
 339.3139, 328.65939;
 293.15518, 330.21835;
 331.10086, 329.45572;
 264.84479, 306.45901;
 261.15225, 291.96854;
 292.90918, 297.26053;
 290.86136, 300.21872;
 317.314, 297.81271;
 304.22766, 300.58624;
 277.88477, 279.93265;
 307.87784, 290.7153;
 207.65047, 295.91656;
 297.19843, 286.86722;
 300.97168, 281.40213;
 285.62427, 268.43585;
 296.07001, 290.81815;
 290.5098, 277.37817;
 269.65353, 276.96423;
 310.37784, 285.51022;
 282.01947, 273.83215;
 318.88696, 293.09845;
 281.11078, 268.89978;
 293.21863, 273.57025;
 301.62207, 279.36588;
 296.87393, 361.08936;
 236.40709, 302.69772;
 279.46207, 284.61526;
 320.27267, 308.05481;
 350.13922, 313.91791;
 294.09253, 295.01047;
 229.31438, 295.54648;
 278.76077, 354.97528;
 331.79773, 309.46564;
 291.83832, 283.95526;
 287.36008, 361.47501;
 341.74103, 315.34354;
 343.47913, 316.40454;
 349.85229, 334.02606;
 315.6492, 339.94101;
 309.65695, 337.69098;
 311.88016, 349.78229;
 335.64566, 313.19626;
 347.57373, 323.46573;
 345.77802, 315.50244;
 325.98047, 311.68857;
 273.93591, 297.86337;
 330.46033, 349.56506;
 306.00302, 295.11404;
 289.66745, 279.44263;
 304.42053, 299.44901;
 345.85147, 303.81857;
 366.93845, 319.89612;
 358.73532, 314.21738;
 281.4873, 276.25372;
 258.80591, 277.21841;
 273.05536, 272.04163;
 310.18188, 285.49075;
 329.02261, 300.01358;
 269.80557, 269.4982;
 329.49893, 298.8226;
 339.55328, 305.82904;
 285.44153, 268.02655;
 253.95212, 276.29355;
 299.66751, 280.53348;
 291.1843, 274.80212;
 240.16125, 280.90176;
 262.68649, 271.08038;
 246.72455, 277.51263;
 326.56931, 290.07562;
 280.62885, 362.41022;
 266.51718, 273.36432;
 330.4035, 309.26801;
 305.11383, 286.595;
 304.23416, 285.57047;
 303.09674, 283.43677;
 335.44144, 340.82675;
 350.59927, 335.88318;
 328.45337, 341.72754;
 343.58636, 334.28714;
 330.75687, 343.30069;
 356.31094, 324.73141;
 319.43246, 315.74139;
 293.7128, 292.51086;
 254.96724, 285.1413;
 275.80243, 283.78403;
 309.40042, 290.34244;
 288.1409, 284.79327;
 270.27383, 274.95764;
 289.63745, 266.13693;
 290.21265, 366.72522;
 320.13315, 346.91827;
 319.32755, 296.63922;
 270.80191, 337.55032;
 269.44028, 299.55667;
 248.35213, 328.63651;
 234.43777, 310.73535;
 239.11244, 322.59634;
 255.63461, 339.87009;
 272.40955, 339.60153;
 324.04587, 299.59427;
 312.92801, 288.63663;
 269.20468, 286.9498;
 269.82291, 283.38574;
 313.6362, 294.32855;
 321.73853, 300.53275;
 322.00168, 297.65201;
 287.88367, 273.65082;
 312.4574, 292.92294;
 298.15662, 278.39676;
 310.10999, 300.84055;
 288.63754, 270.5596;
 296.91891, 276.03302;
 352.27954, 329.61197;
 331.87396, 308.51883;
 353.07126, 325.58145;
 346.37717, 327.82016;
 249.8871, 289.50381;
 327.82529, 342.05801;
 294.99484, 299.04767;
 347.97952, 321.03683;
 333.78662, 326.09033;
 280.22913, 280.70428;
 264.65817, 283.42252;
 296.27945, 294.84161;
 240.47189, 287.30734;
 257.00754, 281.03088;
 259.15945, 340.74158;
 315.94308, 302.74496;
 306.00723, 296.49939;
 207.173, 296.9277;
 290.06387, 277.88422;
 292.51627, 277.44427;
 218.61719, 300.83557;
 325.10339, 300.98221;
 310.1355, 283.3186;
 268.76636, 273.59961;
 261.01324, 329.03076;
 281.09265, 277.75061;
 305.35983, 292.83218;
 225.68404, 301.87964;
 241.9668, 287.13159;
 226.40103, 309.97089;
 221.91379, 300.94604;
 266.90475, 328.36453;
 269.29132, 350.25656;
 295.99963, 356.06079;
 273.7691, 349.37057;
 278.2171, 289.12674;
 268.23495, 290.85788;
 290.70615, 287.92236;
 276.32773, 275.52032;
 286.38632, 274.84656;
 311.29984, 298.62933;
 288.60501, 268.3284;
 291.54837, 288.06635;
 296.3924, 274.95288;
 274.9025, 275.3515;
 341.09076, 317.49295;
 332.64706, 305.21933;
 326.51947, 330.41626;
 341.74719, 319.68741;
 342.02615, 314.70752;
 340.82239, 319.42178;
 328.73993, 317.51248;
 364.07346, 331.95117;
 310.29523, 322.70978;
 317.79166, 340.21259;
 329.07233, 330.87753;
 303.92111, 348.71771;
 350.53088, 318.56476;
 339.1293, 311.66116;
 261.27158, 321.4527;
 348.71402, 321.55661;
 356.26852, 331.51614;
 329.4299, 337.7326;
 313.76682, 352.24911;
 313.06036, 302.12048;
 334.94315, 308.43814;
 354.71362, 310.83093;
 294.00153, 289.39413;
 277.7627, 279.52237;
 273.38245, 289.80606;
 287.87338, 284.10443;
 267.27948, 281.51422;
 307.79623, 291.15823;
 262.45428, 289.04477;
 347.47345, 311.94339;
 261.05658, 275.32251;
 293.71158, 296.90131;
 247.41267, 321.27939;
 217.85257, 298.23203;
 276.17377, 353.66479;
 260.22086, 340.33298;
 273.26285, 346.13513;
 260.63986, 345.16336;
 265.72113, 275.82318;
 291.27261, 289.98166;
 304.66934, 281.79669;
 308.8295, 304.63461;
 329.69345, 314.61011;
 320.94977, 342.77917;
 334.98523, 336.50998;
 353.15106, 325.82254;
 321.55615, 305.48444;
 296.9502, 351.20398;
 302.05991, 309.12012;
 247.58113, 347.95477;
 281.3981, 330.90714;
 324.13223, 321.84424;
 245.12694, 296.62726;
 305.72192, 281.53308;
 329.55472, 331.8111;
 337.98193, 317.48254;
 360.70142, 327.57852;
 342.55573, 332.22797;
 304.47888, 264.54852;
 325.5563, 346.74643;
 332.75668, 328.16812;
 259.01352, 279.27789;
 265.72388, 282.27628;
 314.59058, 348.43201;
 255.53226, 281.00333;
 303.78339, 302.47391;
 279.71725, 278.23828;
 321.23599, 345.38608;
 292.77213, 284.01382;
 224.72543, 304.89429;
 232.56506, 312.25397;
 268.55923, 344.67673;
 275.70776, 358.7326;
 252.3708, 278.82269;
 266.75406, 273.24689;
 230.54425, 294.86035;
 299.53046, 298.08725;
 269.40506, 288.94736;
 292.42215, 289.16757;
 260.77438, 281.245;
 300.17822, 293.11392;
 313.6174, 286.65439;
 298.81839, 298.44052;
 301.39502, 290.0199;
 278.70605, 290.77945;
 279.40109, 288.10379;
 284.19196, 281.19547;
 295.46158, 280.49564;
 260.10373, 314.94427;
 270.60098, 296.48859;
 304.25961, 354.69302;
 310.87134, 298.55731;
 320.98425, 304.12225;
 364.91354, 323.90839;
 286.20374, 264.28384;
 242.03244, 304.60971;
 244.80492, 284.35526;
 271.05313, 276.42181;
 241.26935, 286.31107;
 304.34967, 279.37244;
 320.51736, 323.05994;
 313.28348, 305.53641;
 292.10684, 274.13644;
 336.98181, 287.80753;
 272.53906, 293.11868;
 290.65784, 278.5047;
 255.64369, 282.04745;
 282.61627, 274.23907;
 283.49368, 269.7439;
 231.69162, 286.29785;
 273.70157, 272.04947;
 293.27884, 274.11371;
 284.8436, 269.72275;
 301.28696, 280.28442;
 269.13885, 271.36325;
 299.21829, 278.97809;
 231.18959, 282.05231;
 243.8644, 277.9306;
 258.65054, 273.48035;
 301.98737, 277.84482;
 222.65109, 285.84839;
 276.02505, 267.70383;
 219.18633, 294.58246;
 225.31821, 294.40536;
 250.71777, 322.83728;
 239.47987, 309.09174;
 281.3783, 357.12488;
 253.30449, 332.86673;
 239.77879, 281.70908;
 239.75256, 299.40161;
 263.07474, 274.65829;
 240.79523, 321.94916;
 277.24994, 281.72278;
 311.40033, 299.08807;
 328.3125, 318.59995;
 321.95221, 342.43265;
 335.59167, 342.26346;
 335.07504, 341.02686;
 341.67685, 319.34998;
 334.69266, 301.68582;
 325.90326, 291.68106;
 333.16348, 301.08972;
 261.03308, 275.32874;
 289.59192, 265.65186;
 235.87933, 280.48615;
 241.75807, 284.14578;
 319.99426, 294.73407;
 291.23996, 264.56509;
 305.91306, 298.53714;
 305.81854, 276.80185;
 291.2124, 334.05872;
 331.54883, 330.63452;
 314.30725, 308.2218;
 335.97711, 310.95303;
 280.50629, 322.14026;
 315.242, 303.69107;
 324.47406, 309.17175;
 300.21951, 310.78128;
 334.38843, 328.29376;
 313.59671, 345.47455;
 334.87302, 316.69089;
 306.24847, 296.28229;
 321.16025, 345.55634;
 207.19316, 296.81024;
 225.66385, 286.11151;
 227.99533, 290.98523;
 237.44626, 315.38818;
 268.96619, 339.48434;
 270.82391, 350.93655;
 265.94357, 274.48212;
 274.96356, 277.83862;
 284.29819, 279.35068;
 277.12067, 273.53134;
 239.12708, 290.23209;
 308.33972, 343.52704;
 341.1651, 321.72684;
 331.57358, 310.97549;
 310.8837, 296.87109;
 316.68427, 316.87274;
 315.51987, 344.59854;
 346.70084, 305.37881;
 304.5744, 296.87097;
 332.5629, 326.37247;
 293.87173, 327.94177;
 319.85068, 327.87738;
 280.79358, 278.34445;
 280.6857, 277.03574;
 306.00415, 292.62656;
 311.02502, 283.89862;
 319.83267, 332.68439;
 305.4938, 333.7644;
 339.87537, 310.78293;
 305.862, 290.40457;
 289.99396, 275.50919;
 278.86694, 279.29019;
 291.48499, 302.48972;
 348.89963, 323.33115;
 357.56287, 326.94199;
 335.53925, 319.2861;
 337.23578, 312.14569;
 347.45972, 321.59125;
 331.48999, 334.30899;
 315.02502, 280.9715;
 359.54404, 330.67062;
 346.62601, 330.55783;
 323.97247, 305.70526;
 345.48016, 319.31613;
 334.63757, 311.70715;
 329.74255, 298.69897;
 356.60236, 328.98404;
 315.39761, 295.36212;
 340.82135, 310.1163;
 362.28488, 325.54553;
 349.36304, 323.09329;
 372.237, 325.57925;
 325.51083, 294.32013;
 334.50278, 293.66507;
 325.24402, 288.99515;
 277.45615, 273.22623;
 289.88919, 279.12018;
 321.29404, 345.20303;
 242.80675, 313.78177;
 291.40518, 351.59143;
 244.53491, 324.91757;
 313.16226, 352.76865;
 242.96544, 283.9635;
 286.25076, 288.40576;
 322.74158, 339.76501;
 325.17377, 289.75018;
 247.54616, 279.62598;
 313.2038, 311.74591;
 321.96252, 314.35489;
 335.68875, 311.10233;
 344.29877, 330.6868;
 344.2655, 335.09036;
 358.47382, 339.94019;
 337.62106, 298.79614;
 289.3125, 264.02805;
 331.36826, 340.03836;
 319.4165, 349.93976;
 257.96545, 279.60376;
 217.34937, 299.15408;
 213.79967, 296.53107;
 233.19092, 284.16519;
 257.99081, 333.30396;
 266.18283, 274.08551;
 268.01505, 277.9617;
 287.98691, 264.60416;
 271.01309, 270.18887;
 246.49487, 275.5097;
 337.22507, 335.33826;
 293.64554, 299.24063;
 296.19684, 288.80692;
 299.07104, 286.61322;
 305.41092, 295.08249;
 311.83096, 289.65558;
 296.20956, 355.31293;
 269.91827, 356.27502;
 250.97417, 336.47717;
 280.25763, 366.88388;
 304.07477, 280.23904;
 302.82047, 270.3562;
 362.90543, 324.8934;
 317.75763, 283.89767;
 330.11426, 287.23795;
 344.68759, 304.98279;
 243.37122, 284.90479;
 254.40338, 282.84225;
 223.19841, 297.11261;
 255.08424, 283.06345;
 288.27304, 281.17175;
 330.48474, 313.07571;
 341.81561, 314.12512;
 306.69952, 279.43674;
 312.06296, 312.78693;
 303.34781, 298.01328;
 315.6644, 302.08667;
 307.46646, 272.47672;
 303.9628, 333.51669;
 295.59744, 277.20908;
 355.30563, 335.37747;
 358.23108, 319.71024;
 328.12262, 296.77835;
 334.78903, 291.41486;
 363.54282, 333.66168;
 238.61423, 283.15463;
 226.53021, 312.98215;
 290.21182, 353.62436;
 352.81873, 325.28812;
 347.01389, 325.03687;
 330.02182, 339.23499;
 331.28207, 343.41132;
 339.02081, 352.37885;
 345.93884, 332.84695;
 264.40219, 352.33539;
 207.6909, 296.08951;
 267.06259, 342.38309;
 224.39288, 287.90109;
 226.81384, 310.05219;
 245.2733, 277.23102;
 268.94632, 338.84741;
 350.35675, 336.1344;
 303.64905, 355.48901;
 335.13797, 344.30209;
 292.71652, 347.46564;
 239.37407, 322.44824;
 232.62555, 311.54712;
 267.33258, 272.92291;
 307.42633, 307.62399;
 281.50375, 286.86691;
 318.86887, 309.38754;
 296.91739, 275.0145;
 304.0101, 283.16577;
 285.50726, 278.16208;
 290.71591, 278.66022;
 298.28632, 286.0282;
 280.08868, 277.99966;
 318.74908, 299.9285;
 297.94736, 289.37726;
 329.62897, 302.60825;
 339.64383, 310.41306;
 350.3895, 316.88785;
 334.27631, 321.81036;
 297.55615, 356.2865;
 344.90857, 334.12775;
 329.03555, 343.50485;
 312.93716, 350.92181;
 310.08466, 284.92935;
 320.70895, 346.11746;
 229.60413, 289.43152;
 231.25719, 281.92395;
 280.32013, 343.22208;
 274.80057, 359.45682;
 235.25044, 282.34085;
 341.62463, 318.30167;
 276.90805, 274.87637;
 295.45978, 276.75024;
 296.96216, 279.44595;
 288.38104, 273.6601;
 290.76938, 266.43521;
 305.70978, 283.69266;
 275.38824, 276.90045;
 313.8942, 288.78235;
 320.95117, 304.17062;
 261.88281, 281.22015;
 305.56766, 280.36014;
 323.22211, 295.96893;
 295.91919, 348.58871;
 296.58759, 357.25351;
 280.25461, 291.06754;
 217.34814, 300.29675;
 266.13528, 283.08722;
 320.53488, 346.28564;
 277.61771, 349.02307;
 224.4502, 305.72192;
 231.88773, 300.71106;
 220.66502, 302.89389;
 249.02562, 280.61209;
 228.22479, 301.76721;
 353.92657, 316.43295;
 286.90552, 274.82538;
 275.85895, 276.42697;
 285.12219, 265.0881;
 310.21112, 352.00378;
 244.86983, 283.34607;
 256.25613, 280.60535;
 241.60976, 287.1539;
 254.556, 276.95209;
 267.13312, 342.62766;
 320.30753, 346.5184;
 245.69989, 335.53171;
 228.4492, 307.87918;
 238.07097, 311.50534;
 264.67813, 349.81119;
 227.89107, 310.83432;
 239.21034, 282.30786;
 290.60989, 278.68314;
 283.21899, 271.35703;
 314.00635, 296.07001;
 276.04861, 270.49966;
 295.57498, 283.82913;
 351.68207, 309.59476;
 298.89883, 360.03082;
 223.04695, 311.06012;
 350.60062, 335.84537;
 319.88971, 344.8197;
 290.63284, 352.20615;
 235.4669, 318.18335;
 283.60291, 307.82217;
 270.78268, 352.71664;
 224.4467, 283.73065;
 255.81889, 292.0473;
 262.30124, 281.41431;
 230.1284, 296.00449;
 343.09641, 308.9949;
 315.4657, 347.03537;
 321.45126, 299.02679;
 322.1073, 303.15311;
 267.56451, 284.42496;
 339.88361, 327.11542;
 344.34756, 337.39453;
 295.67151, 293.56094;
 330.9873, 337.26328;
 349.65277, 309.30765;
 314.83578, 304.01474;
 239.51271, 288.7298;
 251.0218, 287.00131;
 259.28497, 297.00388;
 329.15973, 306.14182;
 234.67226, 306.13559;
 242.04504, 314.44876;
 239.58345, 320.38455;
 231.48938, 313.117;
 328.51132, 343.39426;
 262.74954, 338.10788;
 323.3559, 294.27463;
 220.54071, 291.63779;
 226.63667, 300.80716;
 314.42728, 285.64322;
 323.05646, 336.99432;
 278.35721, 355.46747;
 277.20441, 286.00812;
 220.94838, 301.90002;
 234.7019, 297.00272;
 258.71402, 280.49323;
 314.20996, 292.88144;
 277.88394, 276.50458;
 269.19968, 281.33325;
 209.98302, 292.71335;
 335.26099, 333.61084;
 349.54117, 330.33466;
 280.48883, 269.19684;
 343.06006, 307.57837;
 235.00258, 288.44748;
 287.29187, 271.95444;
 291.44901, 274.95563;
 314.2923, 280.56107;
 293.3642, 280.70972;
 329.96597, 313.67889;
 331.43854, 322.19049;
 310.42365, 292.21875;
 264.83688, 282.92795;
 285.12869, 275.13602;
 319.40875, 294.19296;
 280.78918, 269.60004;
 307.36832, 281.97647;
 325.41302, 290.81613;
 291.16772, 268.32358;
 261.64932, 279.60483;
 231.01665, 294.91821;
 253.578, 275.75021;
 297.31192, 278.05743;
 305.23407, 286.39346;
 258.79865, 275.01224;
 279.96201, 367.78207;
 338.37216, 331.88791;
 319.25763, 305.86523;
 263.49045, 277.21866;
 249.25238, 284.07474;
 242.20258, 285.987;
 282.79102, 357.21213;
 259.92477, 348.63284;
 276.29233, 263.74167;
 320.24332, 346.47385;
 280.82193, 341.22531;
 234.23213, 310.52667;
 224.11978, 307.08145;
 213.93153, 296.3096;
 244.84868, 280.55807;
 281.13181, 269.71048;
 285.52148, 268.39905;
 251.65164, 279.63516;
 289.21027, 268.767;
 290.50009, 264.13757;
 282.62637, 266.69391;
 314.1127, 282.79965;
 277.51627, 281.67178;
 362.34738, 323.2468;
 219.30383, 295.591;
 242.01755, 315.98911;
 250.25755, 322.53848;
 241.95728, 296.19656;
 226.85735, 301.79071;
 262.49304, 328.00067;
 300.25562, 330.6044;
 267.8074, 343.29916;
 326.12234, 334.98886;
 291.2995, 355.17917;
 304.46802, 356.64276;
 287.4874, 365.18933;
 230.91841, 316.68399;
 305.60959, 281.35516;
 313.00278, 298.29977;
 303.21814, 285.94797;
 288.92081, 270.31586;
 271.91995, 274.18164;
 353.60654, 327.8924;
 275.35416, 371.56467;
 277.85687, 270.06384;
 327.34076, 338.38422;
 247.19476, 332.74048;
 220.1525, 303.28546;
 230.61812, 286.01907;
 237.12112, 280.85004;
 327.12344, 291.84085;
 280.29495, 366.34818;
 207.50418, 292.45416;
 286.88269, 296.34528;
 264.63159, 276.69254;
 338.44226, 332.57281;
 295.42453, 349.54004;
 312.37466, 347.96695;
 216.90584, 284.1514;
 283.89026, 260.39398;
 345.26059, 344.48642;
 362.11261, 328.77997;
 320.19641, 346.76715;
 283.18076, 382.71594;
 277.76395, 354.08615;
 201.31216, 290.52579;
 204.21333, 290.33276;
 245.82536, 311.17163;
 258.83841, 281.07355;
 210.86031, 294.70227;
 352.99905, 318.88995;
 305.38913, 281.44501;
 321.10147, 298.45126;
 224.81458, 286.65701;
 213.50937, 296.69391;
 343.08609, 308.17148;
 275.16711, 359.93094;
 227.34102, 296.89661;
 299.71072, 350.04605;
 320.12521, 346.56876;
 358.6875, 327.63889;
 286.00104, 367.43576;
 249.60875, 300.18225;
 217.38246, 298.94766;
 269.73169, 279.45474;
 320.28571, 346.52975;
 280.00125, 372.61395;
 323.55508, 295.07828;
 333.10052, 302.13324;
 249.34953, 282.75455;
 231.78011, 309.95636;
 219.80621, 306.49033;
 333.65665, 316.71918;
 338.64944, 332.79105;
 320.27823, 346.4509;
 332.02255, 310.35776;
 277.58942, 350.92642;
 269.91321, 354.34772;
 267.10049, 328.81235;
 273.02103, 344.74857;
 320.4772, 346.25354;
 274.96826, 351.41696;
 314.33902, 287.83517;
 239.43852, 280.8822;
 253.0191, 278.11975;
 266.56335, 273.40558;
 250.21336, 323.97714;
 328.08856, 324.28448;
 271.44147, 333.5979;
 325.80344, 332.57031;
 353.57416, 326.72836;
 339.96451, 322.61942;
 291.17181, 354.09857;
 276.423, 275.27457;
 223.70789, 308.5849;
 304.70535, 294.38;
 250.16591, 309.10098;
 293.61636, 273.31033;
 305.65765, 279.17368;
 260.15585, 348.2659;
 263.41339, 340.15805;
 286.19467, 350.39377;
 302.17459, 341.65662;
 276.22336, 340.01321;
 320.36682, 346.40179;
 217.57741, 284.73083;
 208.10919, 289.68005;
 259.94846, 284.74081;
 292.42236, 286.8392;
 319.79358, 308.8316;
 230.98566, 294.92151;
 310.22977, 338.44351;
 350.89175, 335.89926;
 239.07451, 323.4512;
 256.11475, 341.33099;
 313.0141, 350.00967;
 328.72198, 341.35114;
 296.49515, 358.24127;
 237.99644, 314.4133;
 332.22729, 343.67081;
 234.64044, 321.94482;
 223.15001, 295.94003;
 226.34236, 294.63593;
 315.37225, 339.42688;
 302.15616, 278.3959;
 282.84546, 359.09763;
 242.63429, 283.23956;
 258.04755, 278.78909;
 256.10925, 274.50848;
 291.02457, 279.12839;
 320.36752, 346.32681;
 248.89594, 286.74515;
 231.43184, 315.62195;
 250.10286, 295.15958;
 213.25067, 299.13321;
 241.51367, 297.66141;
 238.9093, 290.36798;
 249.23245, 294.68289;
 231.26373, 302.23227;
 245.30898, 276.97806;
 258.3497, 273.65118;
 230.42331, 283.53659;
 232.63765, 290.55298;
 219.66318, 286.81146;
 236.39911, 282.66318;
 251.63739, 276.1947;
 279.69141, 273.8815;
 343.59286, 310.18384;
 275.72751, 299.37439;
 312.53082, 296.11298;
 321.79495, 302.56427;
 287.09418, 299.90033;
 262.73026, 281.56525;
 249.88144, 327.29535;
 286.96976, 276.47754;
 262.3855, 328.00525;
 307.45874, 345.80988;
 289.38232, 339.64633;
 254.70596, 326.85989;
 259.06476, 335.93826;
 269.52081, 284.90646;
 284.75906, 273.84546;
 316.45685, 289.41351;
 327.65295, 301.62964;
 307.63715, 282.20917;
 285.78101, 268.33081;
 281.37573, 270.66885;
 299.82608, 283.42264;
 291.31204, 282.74042;
 349.17276, 316.73428;
 339.52896, 303.92545;
 304.17294, 353.23584;
 300.12457, 356.55371;
 234.78798, 289.68924;
 234.69359, 322.03479;
 226.69829, 315.4129;
 247.35269, 283.23349;
 225.63681, 279.12259;
 310.4194, 284.79596;
 360.16605, 325.64267;
 319.34717, 291.35004;
 288.42526, 268.74634;
 284.56961, 272.41238;
 326.72891, 289.64474;
 290.42496, 263.81284;
 313.70044, 286.69696;
 334.90363, 291.19296;
 305.1076, 277.40823;
 329.42273, 288.93445;
 317.97473, 282.06784;
 325.05774, 290.85922;
 339.37219, 300.04404;
 288.4472, 263.57843;
 341.59305, 315.55942;
 223.77504, 288.24951;
 266.30554, 273.04669;
 279.01865, 269.71085;
 230.77798, 316.82947;
 230.2859, 306.23441;
 220.5535, 304.28699;
 225.80293, 302.49832;
 290.99838, 277.08517;
 305.245, 279.92627;
 226.81683, 291.57721;
 232.51192, 288.8197;
 274.61252, 274.70462;
 225.61208, 283.07635;
 215.73642, 304.18518;
 223.00262, 308.88403;
 241.84381, 288.34085;
 267.26407, 275.39587;
 239.99892, 284.92908;
 255.45578, 276.40222;
 223.1618, 297.21133;
 288.56693, 270.98898;
 277.70251, 282.81247;
 292.8457, 282.47153;
 284.01599, 266.05405;
 313.65506, 285.94623;
 213.34009, 295.67084;
 312.91278, 362.896;
 279.86694, 272.53192;
 298.92294, 276.47305;
 325.98242, 295.1196;
 297.19171, 273.7807;
 302.64774, 276.66806;
 263.99802, 271.74265;
 223.78194, 309.72351;
 299.74304, 275.7377;
 298.49997, 270.88055;
 347.00397, 325.11429;
 329.18655, 342.44662;
 226.2419, 317.53845;
 273.29382, 365.0177;
 252.89635, 278.06711;
 275.69839, 275.42209;
 282.45181, 272.85422;
 214.47014, 295.57361;
 341.69016, 310.01959;
 286.9639, 274.2338;
 297.24686, 274.38742;
 310.13718, 295.23657;
 339.09549, 307.20358;
 358.84073, 334.08499;
 271.9874, 277.33328;
 301.74191, 284.89108;
 285.20883, 274.25095;
 216.6458, 291.24191;
 245.17397, 275.50348;
 292.4277, 268.24777;
 293.59579, 272.79153;
 309.94595, 279.63947;
 284.68317, 263.41357;
 334.25995, 290.75064;
 320.28983, 283.96109;
 226.80942, 301.2894;
 234.73407, 321.46762;
 219.27876, 303.95239;
 277.28128, 351.39627;
 262.08246, 326.27859;
 330.39706, 316.13858;
 258.0806, 334.26291;
 279.30408, 330.72964;
 273.54337, 337.99585;
 269.86185, 276.34882;
 275.91495, 269.22028;
 219.49991, 300.56491;
 229.43175, 290.39072;
 333.21332, 300.62711;
 225.87939, 290.09604;
 320.0054, 297.12103;
 268.88339, 361.11487;
 277.60065, 276.50232;
 290.24838, 272.68738;
 261.77316, 275.22174;
 291.82278, 277.30908;
 234.50339, 283.25784;
 325.9809, 290.08127;
 271.55643, 273.67188;
 312.88013, 288.21161;
 284.35806, 269.46786;
 311.29474, 280.80283;
 317.14642, 292.17944;
 318.1918, 285.23254;
 289.89917, 267.65552;
 296.36325, 267.54605;
 325.7016, 291.93564;
 320.3591, 346.58105;
 234.5184, 306.85788;
 249.86977, 308.42667;
 238.00471, 292.93231;
 238.1111, 311.38776;
 227.914, 306.95193;
 231.42839, 306.07202;
 211.16696, 296.54749;
 335.95892, 331.70624;
 248.16667, 328.9931;
 343.90686, 340.6347;
 238.97, 282.34778;
 270.94235, 284.12335;
 251.35735, 284.61603;
 253.38289, 281.37988;
 246.30945, 280.13504;
 231.62735, 285.8573;
 276.71198, 268.1777;
 263.52994, 272.53204;
 323.56625, 294.8981;
 301.02646, 301.93045;
 312.95837, 301.5022;
 302.44684, 282.55606;
 285.8783, 287.8468;
 286.47754, 271.04391;
 277.10736, 288.12894;
 268.28464, 272.64563;
 333.88281, 291.51294;
 307.15988, 280.08258;
 307.43756, 317.92712;
 323.827, 303.50403;
 319.8233, 349.32861;
 250.05553, 299.50351;
 231.49339, 291.54166;
 225.9071, 304.28473;
 231.7496, 299.8056;
 255.72507, 297.38504;
 220.38965, 300.20047;
 218.86903, 287.58835;
 264.15341, 318.78195;
 342.52271, 313.35376;
 234.68167, 288.25058;
 277.33862, 282.98767;
 279.64539, 278.31046;
 262.89951, 275.3587;
 262.69214, 284.22427;
 274.3638, 271.69937;
 247.4901, 292.42999;
 243.61237, 287.3519;
 274.54675, 267.29309;
 274.95486, 271.39655;
 231.58134, 280.58133;
 259.99036, 275.68887;
 279.61572, 279.24759;
 281.50305, 285.5401;
 288.34698, 282.90359;
 298.88434, 284.61389;
 314.76514, 292.37769;
 319.71622, 302.18375;
 323.31854, 305.12433;
 295.00031, 276.41287;
 288.26221, 275.60468;
 338.09995, 336.125;
 290.1702, 266.83994;
 260.26761, 347.41074;
 286.47131, 350.07129;
 328.42838, 296.41644;
 323.63419, 284.42599;
 331.9404, 318.44135;
 317.21378, 306.20535;
 244.27055, 283.07187;
 248.78694, 278.51285;
 274.98181, 311.43823;
 226.44159, 300.29089;
 219.63559, 293.81259;
 255.62158, 302.29224;
 231.15208, 302.65375;
 243.06958, 328.27679;
 241.85463, 309.32568;
 238.46484, 313.91562;
 242.10863, 302.04831;
 227.98657, 310.78265;
 290.54343, 354.21262;
 354.41425, 319.49289;
 343.4007, 295.70099;
 267.61066, 341.50235;
 262.3486, 279.87161;
 247.70934, 285.88562;
 256.34714, 289.84079;
 256.28946, 280.55682;
 277.3038, 265.42648;
 346.40265, 311.10022;
 341.88651, 312.00745;
 255.8949, 276.52472;
 223.21423, 299.76019;
 242.93198, 300.18167;
 238.93266, 294.42236;
 332.81155, 292.02478;
 345.41891, 331.67819;
 262.22641, 335.655;
 342.8157, 326.38489;
 291.36053, 338.21683;
 348.89795, 311.7674;
 269.6189, 275.9877;
 340.5831, 338.36884;
 301.18872, 349.54608;
 330.46497, 338.83768;
 236.17468, 282.01889;
 358.61172, 312.31964;
 211.21709, 292.9462;
 348.17117, 333.5029;
 337.40091, 323.95972;
 350.13971, 324.09799;
 335.15771, 332.63144;
 310.06644, 278.53644;
 236.83582, 301.99207;
 284.63205, 273.56726;
 291.58099, 276.36572;
 237.32661, 303.40982;
 237.53529, 292.7756;
 222.75214, 300.03448;
 323.4968, 341.33078;
 352.63242, 329.19254;
 336.19183, 315.39435;
 255.00046, 293.11032;
 269.34421, 277.34924;
 276.73972, 284.23373;
 263.13925, 288.47806;
 287.81161, 284.38739;
 259.09836, 292.45047;
 269.68356, 280.71304;
 300.77185, 267.5575;
 332.32071, 330.58636;
 258.16049, 278.19611;
 328.91171, 346.2822;
 325.62088, 294.07217;
 356.10965, 328.25348;
 338.78555, 300.92313;
 327.24384, 339.10751;
 289.78391, 265.24811;
 328.51825, 291.74692;
 330.01996, 288.97076;
 345.3877, 317.20798;
 355.2337, 334.12573;
 298.36572, 271.10513;
 309.94086, 279.09106;
 350.23105, 338.46268;
 325.04361, 300.40005;
 320.7561, 345.74908;
 241.43007, 330.54999;
 218.45628, 296.37549;
 244.21823, 292.75305;
 248.4118, 283.20178;
 231.03622, 294.03876;
 229.81149, 306.30496;
 318.2489, 333.49576;
 295.9639, 277.84149;
 265.68503, 274.39365;
 251.97397, 279.05554;
 291.52948, 270.93939;
 286.40466, 281.52005;
 298.47101, 279.30963;
 290.01614, 273.7793;
 297.14539, 273.65497;
 301.24097, 279.60376;
 333.3519, 300.97107;
 335.83917, 305.64313;
 314.68793, 281.94937;
 325.78369, 285.94232;
 226.61769, 290.48578;
 209.39452, 337.03693;
 341.35791, 335.82144;
 292.29001, 372.29959;
 307.50229, 285.15985;
 285.85452, 276.66165;
 290.2117, 279.12442;
 274.09482, 289.11575;
 301.10855, 280.5397;
 317.82404, 295.81299;
 237.53241, 284.27499;
 231.84628, 309.87024;
 235.30327, 307.65515;
 217.47588, 295.14731;
 257.39441, 288.35001;
 232.39471, 289.95193;
 235.2484, 289.14676;
 218.7187, 294.81326;
 233.77811, 289.88083;
 285.81836, 364.49533;
 295.90149, 336.92126;
 353.40897, 317.13004;
 351.68515, 333.69244;
 339.75812, 326.38266;
 342.41281, 308.62173;
 337.72211, 336.2128;
 364.61792, 330.97498;
 304.27768, 281.65192;
 305.81561, 283.50473;
 293.1138, 274.23227;
 296.50537, 281.11816;
 289.18839, 271.45346;
 296.53641, 278.49023;
 309.16992, 287.23904;
 304.88788, 291.78772;
 256.07907, 280.27585;
 274.26801, 270.45746;
 321.15332, 298.06021;
 331.62085, 303.14984;
 314.57886, 291.9476;
 324.00418, 298.40323;
 310.57996, 295.99979;
 322.01016, 305.87195;
 338.38751, 309.16977;
 328.00705, 301.85248;
 319.02649, 300.39166;
 309.10132, 294.43042;
 335.03824, 307.51337;
 315.61035, 292.99728;
 317.8938, 288.0596;
 326.14294, 291.74487;
 334.69592, 291.96805;
 348.86893, 310.74384;
 338.63284, 307.70575;
 336.98022, 293.38831;
 315.99695, 278.49884;
 354.85226, 324.86682;
 292.66693, 279.47684;
 250.37796, 283.43484;
 317.81693, 310.04926;
 306.95312, 285.49948;
 322.31021, 341.74988;
 340.27322, 298.92798;
 343.84875, 316.59671;
 270.1983, 275.02991;
 359.42477, 306.85605;
 215.64696, 301.94699;
 282.96561, 271.23123;
 300.33493, 275.51309;
 342.31476, 321.57812;
 338.61789, 296.36954;
 299.39752, 283.00952;
 221.67561, 307.62076;
 280.62878, 271.86667;
 281.46573, 275.34589;
 323.013, 294.14252;
 231.57935, 312.20352;
 354.67688, 326.3494;
 365.49597, 336.13217;
 300.37079, 281.49915;
 308.86954, 288.26941;
 307.71704, 303.09372;
 328.68451, 313.54361;
 226.3468, 293.8927;
 310.12387, 284.57242;
 303.87119, 282.18729;
 264.02954, 354.11536;
 313.84402, 285.02377;
 249.2019, 277.38361;
 317.86365, 283.70709;
 259.37143, 349.46951;
 241.79878, 284.93506;
 304.05698, 279.44156;
 296.12189, 268.92624;
 305.92328, 282.24176;
 214.83673, 295.29303;
 270.09882, 355.17188;
 219.85773, 301.54105;
 288.56784, 264.47827;
 290.4657, 264.76556;
 248.6226, 284.32724;
 292.60861, 311.19922;
 240.54234, 290.23459;
 230.53809, 293.43582;
 225.3826, 302.37802;
 292.01843, 351.29071;
 269.38052, 337.2507;
 276.15009, 356.23526;
 276.57352, 284.18381;
 279.21219, 278.9101;
 293.15152, 292.17142;
 266.87146, 281.14334;
 264.77463, 285.76581;
 300.14862, 286.94748;
 332.51355, 304.66342;
 332.86017, 308.6058;
 329.11389, 307.40045;
 345.47543, 315.78314;
 323.51498, 305.72098;
 337.74832, 310.18924;
 327.38782, 303.16965;
 353.68436, 316.24277;
 348.08621, 319.7775;
 338.68195, 307.03186;
 361.65894, 319.64728;
 366.49503, 322.52942;
 344.58514, 307.52966;
 250.78496, 290.38412;
 229.25862, 305.79706;
 359.45004, 318.4577;
 219.25278, 305.22009;
 269.51492, 358.87296;
 311.12531, 280.28586;
 313.42117, 290.39597;
 241.32947, 295.83478;
 319.46069, 351.44284;
 276.83105, 353.30524;
 283.46741, 281.72342;
 304.92984, 282.86475;
 260.44949, 282.25058;
 255.9552, 281.58185;
 266.23306, 282.9585;
 275.61234, 276.65768;
 285.20639, 278.56134;
 288.1384, 269.6987;
 284.99551, 288.99005;
 343.17343, 311.38211;
 339.22333, 315.55804;
 356.7305, 323.61975;
 333.6481, 314.1861;
 371.74301, 330.7074;
 341.77817, 310.60602;
 363.86249, 326.64041;
 349.37845, 314.04999;
 336.31662, 301.76541;
 268.39151, 279.46994;
 290.50098, 277.65518;
 229.80412, 295.55569;
 280.31448, 276.44467;
 246.63599, 330.01471;
 273.35809, 365.51517;
 215.52843, 299.73215;
 251.98454, 287.32803;
 334.53409, 291.30487;
 312.31125, 354.65793;
 298.50879, 346.93063;
 328.23434, 335.30481;
 242.7027, 328.98627;
 348.4126, 332.52179;
 370.49667, 324.2034;
 239.38271, 320.46622;
 234.85431, 320.17029;
 256.81281, 289.76715;
 262.88708, 269.13159;
 244.11977, 289.94281;
 258.77399, 287.18524;
 302.99673, 355.67981;
 288.74896, 294.79297;
 272.444, 281.46616;
 261.91888, 281.64459;
 293.47452, 297.595;
 276.3732, 273.44009;
 294.20233, 281.03564;
 257.87204, 278.53094;
 282.24197, 273.9335;
 318.03973, 311.96906;
 322.87927, 297.36377;
 336.1748, 315.51987;
 327.91327, 301.52567;
 350.30048, 324.50992;
 337.26526, 323.64835;
 313.03833, 300.87045;
 307.46017, 298.94376;
 361.87122, 336.69193;
 359.51013, 327.98773;
 295.77765, 290.81226;
 289.345, 281.40378;
 321.55978, 294.84863;
 304.9588, 291.79269;
 244.81299, 335.93948;
 364.62009, 334.47141;
 254.27715, 328.48926;
 253.98546, 284.90625;
 229.28407, 288.42038;
 244.8306, 282.30945;
 231.33151, 285.97876;
 244.66515, 282.44913;
 300.57043, 352.14142;
 212.51973, 290.39032;
 293.09506, 361.46545;
 205.26195, 292.62668;
 324.95016, 347.11133]
