0 0 453 244
0 0 444 249
0 0 439 253
0 0 431 257
0 0 423 262
0 0 415 268
0 0 409 273
0 0 399 279
0 1 494 233
0 1 476 237
0 1 462 242
0 1 445 245
0 1 430 251
0 1 412 255
0 1 396 261
0 1 379 265
1 0 377 183
1 0 377 189
1 0 377 194
1 0 377 200
1 0 378 205
1 0 379 209
1 0 379 213
1 0 380 219
1 1 508 232
1 1 504 238
1 1 503 242
1 1 500 247
1 1 498 251
1 1 493 257
1 1 490 262
1 1 487 268
2 0 446 230
2 0 435 229
2 0 426 231
2 0 415 229
2 0 406 229
2 0 397 229
2 0 387 229
2 0 379 229
2 1 351 321
2 1 336 318
2 1 323 317
2 1 309 315
2 1 296 314
2 1 281 311
2 1 269 309
2 1 256 308
