0 0 404 209
0 0 408 220
0 0 414 230
0 0 420 242
0 0 425 252
0 0 432 264
0 0 438 276
0 0 445 288
0 0 452 301
0 0 460 315
0 0 467 329
0 0 451 333
0 0 444 320
0 0 437 306
0 0 431 291
0 0 423 280
0 0 418 267
0 0 411 256
0 0 406 244
0 0 401 234
0 0 395 223
0 0 390 212
0 0 377 216
0 0 382 227
0 0 387 237
0 0 392 248
0 0 398 259
0 0 404 271
0 0 409 283
0 0 415 295
0 0 423 310
0 0 429 323
0 0 436 338
0 0 420 342
0 0 413 327
0 0 406 313
0 0 401 300
0 0 394 287
0 0 389 275
0 0 383 263
0 0 377 251
0 0 373 241
0 0 369 230
0 0 363 220
0 0 350 222
0 0 354 233
0 0 358 243
0 0 364 255
0 0 369 266
0 0 375 278
0 0 380 291
0 0 385 303
0 0 391 317
0 0 398 332
0 0 404 346
0 0 388 352
0 0 381 336
0 0 376 322
0 0 370 308
0 0 365 295
0 0 360 282
0 0 355 270
0 0 350 259
0 0 345 247
0 0 341 235
0 0 337 225
0 0 323 228
0 0 327 238
0 0 331 250
0 0 335 262
0 0 340 273
0 0 345 286
0 0 350 299
0 0 355 312
0 0 361 326
0 0 366 340
0 0 371 356
0 0 356 360
0 0 350 345
0 0 345 330
0 0 340 316
0 0 336 303
0 0 330 290
0 0 326 277
0 0 322 265
0 0 317 254
0 0 313 243
0 0 310 232
0 0 296 235
0 0 300 246
0 0 303 257
0 0 307 269
0 0 311 281
0 0 315 294
0 0 320 307
0 0 324 319
0 0 328 332
0 0 334 349
0 0 339 365
0 0 322 369
0 0 318 354
0 0 312 339
0 0 309 324
0 0 304 311
0 0 300 298
0 0 296 285
0 0 292 272
0 0 288 261
0 0 285 250
0 0 282 238
0 0 268 241
0 0 271 252
0 0 274 264
0 0 277 276
0 0 281 288
0 0 285 301
0 0 289 315
0 0 292 329
0 0 297 343
0 0 301 358
0 0 305 374
0 0 287 379
0 0 284 363
0 0 280 349
0 0 275 334
0 0 273 320
0 0 268 305
0 0 265 293
0 0 263 280
0 0 259 268
0 0 256 257
0 0 254 245
0 0 238 248
0 0 242 260
0 0 244 272
0 0 246 284
0 0 250 298
0 0 253 309
0 0 257 324
0 0 260 338
0 0 263 352
0 0 267 368
0 0 271 384
0 0 252 390
0 0 249 373
0 0 246 358
0 0 243 343
0 0 240 327
0 0 236 314
0 0 234 301
0 0 231 288
0 0 229 275
0 0 226 263
0 0 224 251
0 0 209 256
0 0 211 267
0 0 214 280
0 0 216 292
0 0 218 305
0 0 220 318
0 0 223 332
0 0 225 347
0 0 229 362
0 0 231 378
0 0 234 395
0 0 217 401
0 0 214 383
0 0 211 367
0 0 208 352
0 0 206 337
0 0 204 323
0 0 202 308
0 0 200 295
0 0 197 283
0 0 196 271
0 0 194 259
0 0 179 263
0 0 181 275
0 0 182 287
0 0 184 300
0 0 185 313
0 0 186 328
0 0 190 341
0 0 192 356
0 0 194 372
0 0 196 387
0 0 198 406
0 1 334 169
0 1 343 171
0 1 354 173
0 1 363 175
0 1 373 177
0 1 383 178
0 1 394 180
0 1 403 182
0 1 415 183
0 1 425 185
0 1 437 187
0 1 434 192
0 1 423 190
0 1 411 188
0 1 400 187
0 1 390 184
0 1 380 183
0 1 369 182
0 1 360 180
0 1 350 178
0 1 340 176
0 1 330 175
0 1 326 179
0 1 336 181
0 1 345 183
0 1 355 185
0 1 366 187
0 1 376 189
0 1 387 191
0 1 398 192
0 1 408 194
0 1 420 195
0 1 430 198
0 1 428 203
0 1 417 202
0 1 404 200
0 1 393 198
0 1 383 195
0 1 372 194
0 1 362 191
0 1 352 190
0 1 341 188
0 1 331 186
0 1 322 184
0 1 316 189
0 1 327 192
0 1 336 193
0 1 347 195
0 1 358 198
0 1 368 199
0 1 379 201
0 1 391 204
0 1 402 205
0 1 414 207
0 1 426 209
0 1 422 216
0 1 409 213
0 1 399 211
0 1 388 209
0 1 375 207
0 1 365 204
0 1 354 203
0 1 343 201
0 1 332 200
0 1 323 196
0 1 313 194
0 1 308 200
0 1 318 202
0 1 328 204
0 1 339 206
0 1 349 208
0 1 360 210
0 1 372 212
0 1 382 215
0 1 394 217
0 1 406 219
0 1 418 221
0 1 416 228
0 1 403 226
0 1 391 223
0 1 379 220
0 1 368 219
0 1 356 216
0 1 345 214
0 1 334 212
0 1 325 210
0 1 313 207
0 1 304 205
0 1 298 210
0 1 308 213
0 1 319 215
0 1 330 218
0 1 341 219
0 1 352 223
0 1 364 224
0 1 375 226
0 1 387 230
0 1 399 232
0 1 411 234
0 1 408 240
0 1 395 238
0 1 383 236
0 1 371 233
0 1 360 231
0 1 347 228
0 1 337 225
0 1 326 223
0 1 315 221
0 1 304 219
0 1 292 216
0 1 288 222
0 1 298 225
0 1 310 227
0 1 321 230
0 1 331 233
0 1 343 234
0 1 355 238
0 1 367 241
0 1 378 243
0 1 391 245
0 1 405 248
0 1 400 256
0 1 388 253
0 1 376 250
0 1 363 247
0 1 350 244
0 1 338 242
0 1 328 238
0 1 315 236
0 1 304 234
0 1 294 231
0 1 282 228
0 1 276 235
0 1 287 237
0 1 298 241
0 1 310 243
0 1 322 245
0 1 334 248
0 1 346 251
0 1 357 254
0 1 371 257
0 1 382 260
0 1 397 263
0 1 393 270
0 1 380 268
0 1 365 264
0 1 354 261
0 1 340 258
0 1 328 255
0 1 317 252
0 1 304 250
0 1 294 246
0 1 282 244
0 1 271 242
0 1 263 248
0 1 275 251
0 1 287 254
0 1 299 257
0 1 311 260
0 1 323 263
0 1 335 265
0 1 348 269
0 1 361 273
0 1 374 275
0 1 389 279
0 1 383 287
0 1 370 284
0 1 356 281
0 1 343 277
0 1 330 274
0 1 317 271
0 1 305 268
0 1 292 264
0 1 281 262
0 1 269 258
0 1 258 256
0 1 251 263
0 1 262 267
0 1 274 269
0 1 287 272
0 1 300 276
0 1 311 278
0 1 325 283
0 1 338 286
0 1 352 289
0 1 364 291
0 1 379 296
1 0 351 198
1 0 360 200
1 0 367 204
1 0 375 207
1 0 382 209
1 0 389 211
1 0 397 215
1 0 407 218
1 0 418 221
1 0 424 224
1 0 436 227
1 0 433 231
1 0 422 227
1 0 414 223
1 0 404 221
1 0 396 218
1 0 387 216
