0 0 178 262
0 0 180 275
0 0 182 287
0 0 184 300
0 0 185 313
0 0 187 327
0 0 189 341
0 0 191 356
0 0 194 372
0 0 196 389
0 0 199 405
0 1 250 263
0 1 263 267
0 1 275 269
0 1 286 272
0 1 299 276
0 1 312 279
0 1 325 283
0 1 338 285
0 1 351 289
0 1 365 293
0 1 380 296
1 0 247 255
1 0 256 260
1 0 266 264
1 0 275 268
1 0 285 273
1 0 295 278
1 0 304 282
1 0 316 286
1 0 327 291
1 0 337 296
1 0 348 301
1 1 267 262
1 1 281 265
1 1 294 267
1 1 308 270
1 1 322 272
1 1 337 276
1 1 351 278
1 1 365 280
1 1 381 283
1 1 395 284
1 1 412 288
2 0 189 214
2 0 184 222
2 0 177 230
2 0 171 238
2 0 165 246
2 0 159 256
2 0 151 265
2 0 144 274
2 0 136 284
2 0 128 295
2 0 121 306
2 1 191 294
2 1 188 301
2 1 184 308
2 1 181 315
2 1 176 322
2 1 173 329
2 1 167 337
2 1 163 345
2 1 158 353
2 1 153 362
2 1 148 371
